1        6.357  3.06e+05  1.53e+35
2        0.860  5.24e+06  2.48e+32
3        1.400  1.39e+04  4.51e+35
4        5.399    0.00      0.00
5        1.776  3.48e+07  1.17e+31
6       25.000  3.53e+07  3.31e+30
7        1.111  4.23e+09  1.59e+34
8        2.688    0.00      0.00
9        2.540  5.98e+09  7.62e+33
10       4.690    0.00      0.00
11       4.690    0.00      0.00
12       4.690  5.69e+08  8.79e+34
13       4.690  6.44e+08  1.41e+35
14       4.690    0.00      0.00
15       4.690    0.00      0.00
16       4.690    0.00      0.00
17       4.690    0.00      0.00
18       4.690    0.00      0.00
19       4.690    0.00      0.00
20       4.690    0.00      0.00
21       4.690  1.38e+09  6.49e+34
22       4.690  8.70e+07  5.42e+35
23       4.690  1.88e+09  2.05e+34
24       4.690  3.72e+08  1.39e+35
25       4.690    0.00      0.00
26       4.690  4.09e+08  2.65e+34
27       4.690  7.23e+08  4.59e+34
28       4.690    0.00      0.00
29       4.690    0.00      0.00
30       4.690  4.12e+09  6.67e+33
31       4.690    0.00      0.00
32       2.559    0.00      0.00
33       6.619  3.35e+07  1.84e+32
34       0.325  7.58e+09  3.49e+33
35       2.255    0.00      0.00
36       1.640    0.00      0.00
37       1.348  5.99e+09  2.96e+34
38       1.030  3.66e+07  1.92e+31
39       2.283    0.00      0.00
40       0.604  5.36e+09  1.77e+30
41      25.000    0.00      0.00
42       2.420  6.15e+06  8.13e+31
43      58.938    0.00      0.00
44      59.700  4.02e+06  3.89e+32
45      59.700  3.29e+06  2.22e+32
46       4.500  8.19e+06  5.16e+31
47      25.000    0.00      0.00
48       1.247  8.03e+08  6.19e+30
49      60.261    0.00      0.00
50       0.901    0.00      0.00
51       2.347    0.00      0.00
52       2.758  1.83e+07  4.92e+31
53       2.857  3.51e+06  3.98e+31
54       1.123  2.25e+06  1.25e+33
55       3.476  1.17e+08  9.82e+30
56       2.646  1.96e+07  3.21e+31
57       2.606    0.00      0.00
58       2.048    0.00      0.00
59      59.700  6.76e+03  1.44e+33
60       2.848  6.68e+07  4.20e+30
61       1.002  7.90e+09  1.20e+34
62       2.380    0.00      0.00
63       2.500  4.47e+06  4.97e+31
64       2.010    0.00      0.00
65       3.063  3.08e+06  2.94e+34
66       2.349  2.76e+07  1.58e+31
67       0.210  1.66e+08  5.77e+30
68       2.128  1.56e+06  2.44e+32
69       1.981  3.53e+08  1.55e+30
70       2.412  8.15e+06  4.15e+30
71      59.700  1.54e+06  8.58e+32
72      59.700  1.06e+06  5.54e+33
73       1.931  5.17e+06  4.45e+32
74       1.768  2.75e+05  2.21e+35
75       1.584  5.79e+06  5.60e+31
76       0.918    0.00      0.00
77       2.403    0.00      0.00
78      59.700  3.13e+06  1.65e+33
79       2.441  6.12e+07  4.76e+31
80      25.000  2.77e+07  1.20e+33
81       3.061  5.37e+08  6.77e+30
82       9.097  1.19e+07  1.02e+32
83       1.472  9.58e+06  4.19e+31
84       2.410  3.56e+05  5.58e+32
85       2.600  4.03e+05  2.09e+34
86       2.300  4.95e+07  8.44e+30
87       8.765    0.00      0.00
88       1.826    0.00      0.00
89       3.600  6.91e+04  1.20e+32
90       2.128  1.21e+07  1.34e+33
91      25.000  5.24e+07  5.56e+30
92       2.477  2.56e+07  3.24e+30
93       0.920  1.02e+07  8.88e+31
94       1.622  1.28e+10  8.72e+33
95      25.000    0.00      0.00
96       4.916  1.89e+08  1.01e+30
97       1.786  1.97e+05  5.73e+32
98       1.569    0.00      0.00
99       1.172  3.88e+06  8.86e+31
100      3.200  5.37e+03  2.70e+37
101      1.260  8.35e+06  1.88e+32
102      1.952  2.09e+05  9.60e+32
103      1.523  5.89e+07  9.16e+30
104      1.558  9.04e+05  4.89e+33
105      1.161  1.30e+09  7.95e+32
106      2.004  1.31e+07  1.58e+32
107      3.150  4.76e+08  2.44e+35
108      2.246    0.00      0.00
109      2.089    0.00      0.00
110      1.755  7.47e+06  3.89e+31
111      0.936    0.00      0.00
112      0.222    0.00      0.00
113      2.717    0.00      0.00
114      2.796    0.00      0.00
115      2.000  6.24e+04  2.13e+35
116      1.558  1.37e+07  8.22e+28
117      1.155    0.00      0.00
118      1.514  2.27e+08  1.38e+31
119      1.014  2.32e+08  1.85e+30
120      0.739  1.70e+07  1.91e+31
121      1.838    0.00      0.00
122      0.384    0.00      0.00
123      0.366    0.00      0.00
124      0.952  7.56e+07  9.00e+29
125      2.290  1.40e+07  3.94e+32
126      1.929  1.39e+07  2.41e+31
127      2.557  6.58e+07  1.19e+31
128      1.695  5.53e+06  2.22e+32
129      1.054    0.00      0.00
130      2.439  5.80e+08  1.49e+31
131      1.907  5.80e+06  3.47e+31
132      1.300  2.45e+09  3.42e+34
133      1.603  7.42e+09  7.75e+33
134      2.027    0.00      0.00
135      1.594  7.22e+08  1.28e+29
136      1.705  2.28e+06  7.32e+31
137      1.507  5.60e+06  7.44e+31
138      2.100  2.57e+09  1.59e+32
139      3.746  3.49e+07  3.06e+30
140      0.835  5.40e+05  5.88e+33
141      3.571  6.55e+06  2.46e+33
142      1.481  2.46e+07  4.96e+32
143      1.000  5.64e+05  4.54e+34
144      1.884  1.33e+08  5.61e+32
145       0.00  7.52e+04  1.32e+36
146      1.014  5.60e+06  3.76e+32
147      4.545  1.69e+06  1.05e+33
148      1.340  5.15e+09  1.84e+32
149      1.573    0.00      0.00
150      1.663    0.00      0.00
151      0.415    0.00      0.00
152      1.630    0.00      0.00
153      1.368  8.08e+07  5.07e+31
154      1.480    0.00      0.00
155      1.847    0.00      0.00
156      2.519  9.09e+06  1.20e+32
157       0.00  3.51e+07  2.16e+29
158      1.687    0.00      0.00
159       0.00  1.98e+06  2.65e+31
160      2.196  2.94e+07  4.55e+30
161      1.939  2.38e+08  3.25e+30
162      1.802  3.71e+05  1.98e+33
163      1.521  6.33e+08  9.28e+30
164      0.157  1.59e+09  1.19e+34
165      0.675    0.00      0.00
166      1.809  4.81e+07  6.41e+31
167     49.700  2.25e+06  1.21e+33
168      1.774  6.76e+07  4.82e+31
169     49.700    0.00      0.00
170      0.400  1.51e+06  1.37e+33
171      0.522  3.90e+09  7.66e+31
172      0.765  4.50e+06  7.20e+31
173      1.180  2.28e+06  2.37e+33
174     49.700  4.97e+05  1.23e+34
175     49.700    0.00      0.00
176     49.700  3.45e+05  2.83e+33
177      1.517    0.00      0.00
178      1.333  1.88e+08  5.32e+29
179     49.700    0.00      0.00
180      1.938  5.63e+07  3.13e+30
181     49.700    0.00      0.00
182      0.160  1.28e+07  3.79e+31
183      2.200  1.57e+04  1.20e+33
184      1.319  1.81e+06  8.46e+32
185     49.700  4.74e+05  2.76e+33
186      0.817  1.46e+10  2.61e+33
187      1.562  1.53e+08  6.98e+32
188      0.818  2.48e+07  2.43e+32
189     13.200  1.13e+11  2.21e+32
190      0.966  2.48e+06  2.45e+33
191      0.159  3.04e+08  4.17e+31
192      1.337  7.57e+07  9.92e+30
193      1.434  3.22e+06  1.68e+33
194      1.421    0.00      0.00
195     49.700  5.98e+06  1.51e+33
196      2.379  1.27e+08  8.42e+31
197     49.700    0.00      0.00
198     49.700  6.03e+05  2.28e+33
199      1.841  7.63e+07  6.53e+31
200       0.00  1.96e+03  4.92e+33
201      1.215  1.48e+06  3.01e+31
202      7.002  1.90e+07  6.94e+31
203     49.700  9.99e+05  6.58e+32
204     49.700  1.90e+06  7.96e+32
205     49.700    0.00      0.00
206      2.172  9.53e+07  7.07e+30
207      1.239  8.89e+06  2.84e+33
208      2.392  5.51e+09  5.89e+33
209      2.000  1.26e+03  4.46e+38
210      0.403    0.00      0.00
211     49.700  6.78e+04  2.79e+33
212     49.700    0.00      0.00
213     49.700  2.76e+05  5.63e+34
214      0.143  3.42e+07  1.18e+31
215     49.700    0.00      0.00
216     49.700  4.93e+03  4.88e+38
217      1.300  6.18e+05  4.94e+34
218      1.421  1.85e+07  1.23e+32
219     49.700  1.67e+03  1.46e+38
220      0.547  2.48e+07  1.52e+31
221     49.700    0.00      0.00
222      1.565  2.53e+05  4.09e+34
223     49.700  2.85e+06  4.37e+32
224      1.283    0.00      0.00
225      2.062    0.00      0.00
226      1.517  5.89e+06  1.31e+31
227      1.804    0.00      0.00
228       0.00  5.17e+04  5.60e+34
229      1.090    0.00      0.00
230     49.700  2.20e+06  4.15e+32
231      1.834  5.51e+09  1.74e+34
232      4.272  9.47e+09  3.47e+31
233      0.553  1.29e+07  9.49e+30
234      2.083  4.82e+06  8.28e+32
235      0.215  9.00e+09  9.33e+33
236      1.295    0.00      0.00
237      1.629    0.00      0.00
238      0.574  3.76e+09  5.37e+31
239      3.259  4.95e+09  8.47e+33
240      1.662    0.00      0.00
241      0.890  1.07e+06  7.99e+33
242      1.080    0.00      0.00
243      0.535  7.94e+07  8.87e+31
244      1.083  4.70e+07  6.76e+31
245      0.780  5.06e+09  1.32e+34
246      0.186  3.02e+06  5.40e+32
247      3.571  8.93e+04  6.24e+34
248      0.630  2.84e+09  2.22e+34
249      3.662    0.00      0.00
250      1.702  5.91e+08  1.45e+31
251      0.420  9.67e+09  7.77e+31
252      1.641  1.74e+09  4.86e+34
253      0.380    0.00      0.00
254       0.00  2.08e+05  2.71e+34
255      1.375  1.10e+08  1.51e+31
256      1.938  1.98e+07  2.92e+31
257      1.637    0.00      0.00
258      1.794  3.23e+06  1.61e+33
259      2.289  2.53e+05  1.09e+34
260      1.932    0.00      0.00
261      1.771  3.59e+07  1.13e+31
262      3.125  3.78e+06  7.28e+32
263      2.103  2.88e+06  4.69e+32
264      0.982    0.00      0.00
265      0.320  2.77e+06  1.46e+32
266      4.583  4.86e+05  1.04e+35
267      2.105  4.36e+04  1.73e+35
268      1.355  5.92e+04  1.19e+35
269      0.190  3.42e+05  3.25e+34
270      3.676  1.35e+07  4.38e+30
271       0.00    0.00      0.00
272      0.715    0.00      0.00
273      0.383  9.91e+06  1.60e+31
274      0.210  1.32e+10  5.75e+33
275      1.257    0.00      0.00
276      1.250  2.85e+10  2.80e+32
277      5.249    0.00      0.00
278      2.525  1.95e+07  3.93e+31
279      2.666  3.05e+06  1.35e+32
280      2.318  9.60e+07  7.63e+30
281      0.912    0.00      0.00
282      2.348  5.07e+06  8.37e+31
283      1.623  7.27e+08  5.74e+29
284      0.372  9.09e+07  2.05e+32
285      2.364  9.75e+05  2.02e+33
286      0.288  1.11e+05  3.80e+34
287      0.413  4.52e+09  3.61e+30
288      0.538    0.00      0.00
289      1.203  1.43e+09  3.68e+32
290      0.371  6.10e+07  4.35e+31
291      1.168  4.81e+07  8.82e+30
292      0.106  5.84e+09  3.55e+33
293      9.810  2.12e+06  3.10e+32
294      0.400  1.90e+06  4.67e+30
295      2.682  5.60e+09  4.63e+32
296      2.778  7.26e+07  4.79e+31
297      2.900  1.86e+05  2.84e+32
298      2.679  3.52e+04  2.81e+35
299      2.000  4.26e+05  5.64e+33
300      1.151  1.08e+10  3.47e+33
301      4.184  4.99e+06  3.89e+31
302       0.00  2.03e+05  1.26e+35
303      0.104  5.07e+05  5.21e+31
304      3.060  9.28e+05  6.57e+33
305      1.100  2.04e+08  5.94e+33
306      1.100  4.92e+07  1.65e+30
307      1.600  4.32e+06  1.03e+33
308      1.124  4.01e+06  3.34e+30
309      0.510    0.00      0.00
310      0.929  3.75e+09  2.00e+34
311      2.000  1.57e+05  1.43e+35
312      1.610  2.59e+07  6.58e+31
313      0.565  1.56e+06  8.71e+33
314      0.810  2.65e+06  3.03e+31
315      1.865  9.52e+06  3.95e+32
316      0.560  1.78e+07  2.93e+31
317      1.624    0.00      0.00
318      0.106    0.00      0.00
319      1.110  7.08e+09  7.30e+33
320      1.718    0.00      0.00
321      1.464  2.12e+07  1.42e+31
322      2.710  6.68e+06  2.01e+32
323      0.828    0.00      0.00
324      0.818  7.80e+06  2.46e+32
325      1.305    0.00      0.00
326      3.355  8.25e+06  1.58e+31
327      1.848    0.00      0.00
328       0.00  3.24e+06  1.49e+30
329      0.887  2.21e+07  1.02e+32
330      2.602  3.42e+07  2.43e+31
331      6.488  2.82e+06  7.41e+32
332      0.355    0.00      0.00
333      5.829  1.70e+08  1.58e+31
334      2.449    0.00      0.00
335      0.432  1.22e+08  3.08e+30
336      2.491  7.35e+07  2.04e+31
337      0.358  1.76e+09  1.88e+30
338      0.434  2.09e+07  5.14e+31
339      0.484  4.55e+07  2.95e+30
340      1.900  9.32e+06  4.38e+31
341      4.086  8.10e+05  4.96e+34
342      3.576  1.40e+06  3.88e+32
343      0.571  4.37e+08  4.81e+30
344      5.802  1.81e+06  2.20e+33
345      2.200  1.93e+08  2.55e+32
346      2.500  1.31e+08  6.38e+30
347      1.689  1.06e+09  6.05e+33
348      0.498  4.92e+06  4.52e+32
349      1.571    0.00      0.00
350      0.354  2.94e+07  6.22e+30
351      5.883  3.86e+06  1.67e+33
352      5.508  4.48e+05  9.51e+34
353      0.095    0.00      0.00
354      0.555  8.77e+05  2.43e+33
355      0.280  1.13e+04  6.92e+36
356      3.609  8.86e+06  1.29e+32
357      0.190  2.97e+06  1.30e+32
358     25.000    0.00      0.00
359      1.500  3.37e+06  3.29e+32
360      4.102  1.25e+08  5.24e+31
361      5.095  3.32e+07  6.49e+30
362      0.448    0.00      0.00
363      0.566  6.97e+06  1.73e+32
364      3.103  1.07e+06  1.41e+33
365      2.068    0.00      0.00
366      1.573  1.92e+07  7.46e+32
367      0.535  1.10e+07  4.56e+31
368      6.547  7.90e+05  2.22e+31
369      2.283    0.00      0.00
370      0.383  7.37e+06  6.27e+32
371      3.304  5.69e+07  4.28e+30
372      0.503  3.18e+06  1.23e+32
373      5.638  1.41e+05  1.06e+36
374     13.740  6.69e+05  2.83e+33
375      0.370  9.08e+06  7.44e+31
376      1.567  1.60e+07  6.61e+32
377      2.833  2.47e+05  2.37e+34
378      0.890  3.60e+09  1.41e+33
379      3.032  8.00e+04  4.00e+34
380      0.358  9.78e+07  1.47e+31
381      0.675  8.15e+06  8.24e+31
382      1.048  1.89e+07  1.10e+32
383      1.963  1.05e+08  6.09e+30
384      1.330  2.21e+05  2.36e+34
385      0.359  1.03e+07  5.20e+32
386      0.341  2.19e+06  4.44e+33
387      0.805  9.50e+06  4.08e+32
388      1.000  1.12e+05  4.90e+35
389      0.752  6.60e+07  5.10e+30
390       0.00    0.00      0.00
391      0.346  6.74e+06  3.99e+31
392      0.329    0.00      0.00
393      0.355  1.93e+09  2.19e+29
394      1.003  6.89e+06  3.69e+31
395      1.100  4.97e+05  6.79e+33
396      2.698  1.54e+05  4.49e+33
397      0.355    0.00      0.00
398      0.382    0.00      0.00
399      0.513  3.35e+05  3.36e+33
400      0.107  2.38e+06  4.81e+32
401      1.091  3.95e+07  2.73e+31
402     25.000    0.00      0.00
403      2.037    0.00      0.00
404     25.000  8.52e+06  2.25e+31
405      3.722  2.02e+10  1.44e+33
406      0.414  1.22e+08  1.37e+30
407      0.361  8.31e+06  3.90e+30
408      0.530  3.36e+07  5.72e+31
409      0.349  4.92e+06  6.09e+31
410      1.728    0.00      0.00
411      0.377  4.22e+04  1.93e+36
412      0.356    0.00      0.00
413      0.398  9.17e+06  1.57e+32
414      0.300  4.64e+05  3.05e+33
415      0.406  3.23e+05  2.96e+33
416      1.487  1.89e+08  2.80e+30
417      3.555  9.40e+07  2.34e+31
418      0.686  2.00e+08  9.63e+30
419      2.673  7.99e+06  1.57e+31
420      0.352  1.09e+06  5.23e+33
421      0.892  4.98e+06  1.04e+32
422     25.000  3.13e+07  2.76e+31
423      1.677  1.59e+07  9.59e+31
424      1.516    0.00      0.00
425      5.600  4.69e+09  6.67e+34
426      0.526  3.75e+07  8.83e+30
427      0.261  1.75e+07  5.60e+32
428      0.433  1.71e+05  1.64e+34
429      0.401  3.87e+06  2.17e+32
430      2.168    0.00      0.00
431      2.461    0.00      0.00
432      0.449  1.66e+06  9.11e+33
433      0.361  1.25e+08  1.11e+31
434      1.741    0.00      0.00
435      0.127  4.22e+06  2.27e+33
436      0.300  4.41e+05  6.87e+32
437      0.432  3.06e+07  7.41e+30
438      1.240  2.05e+06  5.11e+30
439      3.270  7.84e+06  1.32e+32
440      3.171  1.09e+08  1.13e+31
441      0.369  2.35e+06  2.82e+33
442      1.990    0.00      0.00
443      2.381  2.31e+07  3.87e+31
444     25.000    0.00      0.00
445      0.983  4.53e+07  2.18e+30
446      0.372    0.00      0.00
447      0.700  4.86e+09  4.66e+33
448      2.799  8.98e+05  1.53e+32
449      3.185  7.30e+05  1.27e+33
450      3.144  1.26e+07  2.53e+32
451      0.379    0.00      0.00
452      2.732  3.86e+04  8.27e+35
453      0.117  6.33e+06  1.67e+32
454      2.587  1.99e+06  4.07e+34
455      3.163  2.10e+04  2.58e+36
456     25.000  1.26e+07  2.42e+32
457      3.513  2.54e+06  9.71e+32
458      0.256  1.67e+10  6.85e+33
459     25.000  1.64e+07  1.17e+31
460     10.913  1.28e+05  1.85e+35
461      0.938  4.85e+05  8.41e+32
462      3.260  3.30e+05  9.59e+34
463      2.429  1.99e+08  7.01e+30
464      0.719  6.02e+09  3.84e+32
465      4.245  1.79e+05  1.29e+33
466      1.368  3.86e+09  5.69e+34
467      2.080  4.60e+03  1.09e+37
468      1.220  4.41e+09  5.33e+33
469      1.423  9.00e+04  8.32e+35
470      3.383  2.72e+06  2.45e+33
471      2.096  2.13e+06  5.06e+31
472      3.005  4.09e+06  7.09e+32
473      1.636  7.91e+07  5.97e+30
474      2.167  2.62e+07  7.11e+31
475      1.460  9.79e+08  7.74e+34
476      2.313  4.90e+06  4.90e+32
477      2.052  6.21e+06  3.54e+32
478      0.929    0.00      0.00
479      5.946  6.82e+09  1.10e+32
480      0.917  8.38e+06  1.70e+32
481      2.533  2.32e+07  1.40e+31
482      2.789  2.76e+06  1.65e+32
483      3.055  4.39e+05  1.71e+34
484      1.895  4.03e+04  8.03e+35
485      0.340  6.70e+09  1.67e+33
486      5.788  4.16e+07  1.41e+32
487      2.340  5.11e+06  8.98e+32
488      2.144  8.58e+07  6.68e+31
489      1.765  1.86e+06  8.52e+33
490      2.002  2.46e+09  1.17e+34
491      2.900  2.04e+04  2.00e+36
492      1.008  1.60e+06  2.58e+32
493      3.004  7.91e+06  1.63e+31
494      9.000  2.68e+03  5.60e+33
495      3.143  1.43e+05  1.34e+35
496      1.994  1.57e+07  2.71e+32
497      2.585  1.35e+06  3.85e+33
498      2.327  1.73e+07  6.93e+32
499      2.342  9.29e+06  1.99e+31
500      3.597  1.62e+05  4.29e+33
501      3.830  5.35e+04  1.18e+36
502      1.883  1.00e+07  3.10e+32
503      2.035  2.27e+06  3.23e+31
504      3.062  1.86e+07  7.36e+31
505      2.400  1.87e+06  1.87e+33
506      1.690  6.62e+09  1.37e+32
507      0.639  4.43e+07  3.58e+31
508      0.093  5.35e+05  3.01e+34
509       0.00  9.77e+04  1.66e+34
510      1.439  1.61e+07  2.15e+31
511      2.588  1.49e+07  1.11e+32
512      1.645  4.36e+06  1.02e+32
513      1.814  1.00e+07  4.73e+30
514      7.000  1.16e+05  1.36e+36
515      2.174  4.50e+10  5.33e+32
516      1.683  1.46e+10  3.72e+33
517      2.378  6.34e+06  6.27e+32
518      1.327  2.26e+06  3.50e+33
519      0.127  2.23e+06  2.28e+33
520       0.00  1.41e+05  1.16e+35
521      2.360  6.32e+04  2.48e+36
522      2.153  1.85e+07  4.58e+30
523      0.115  4.45e+08  2.20e+31
524      1.915  7.07e+07  3.85e+30
525      2.937  1.83e+05  1.06e+33
526      2.447  4.29e+06  4.68e+32
527     25.000    0.00      0.00
528      4.500  3.27e+04  4.53e+36
529      2.534  6.42e+06  8.72e+32
530      2.076  4.61e+06  2.02e+32
531      5.479  3.03e+05  2.66e+33
532      0.923  1.05e+07  2.17e+31
533      2.185  5.69e+05  1.63e+34
534      0.855  1.40e+07  5.95e+31
535      0.280  1.88e+06  3.74e+32
536      3.976  6.40e+05  3.83e+33
537      2.752  7.63e+07  6.14e+30
538      8.400  1.61e+03  2.34e+36
539      0.814  9.85e+06  1.22e+31
540      0.953    0.00      0.00
541      2.324  3.05e+06  7.15e+32
542      0.656    0.00      0.00
543      1.858  5.93e+07  1.76e+32
544      3.487  1.57e+06  9.72e+32
545      2.187  8.19e+05  1.04e+34
546      1.675  1.34e+06  8.59e+33
547      1.049    0.00      0.00
548      2.639  3.27e+08  5.56e+31
549      5.000  2.85e+03  1.19e+37
550      2.702  1.22e+07  2.23e+32
551      1.744  8.07e+08  8.05e+34
552      0.989  1.04e+10  8.69e+33
553      0.878  9.57e+09  3.70e+33
554      0.436    0.00      0.00
555      1.013    0.00      0.00
556      2.426  1.14e+07  1.33e+33
557      1.185  2.79e+06  6.68e+32
558      7.401  7.43e+08  3.16e+30
559      1.457    0.00      0.00
560      2.408  1.62e+08  1.47e+32
561      2.387  1.13e+07  1.19e+32
562      1.972  8.84e+06  1.08e+33
563     25.000    0.00      0.00
564      2.688  6.64e+06  8.88e+32
565      2.911  4.08e+07  4.99e+32
566      7.448  3.59e+07  1.67e+31
567      2.129    0.00      0.00
568       0.00  2.30e+04  2.06e+36
569      0.372  5.04e+06  8.79e+31
570      1.522  7.02e+05  6.69e+33
571      1.955  1.08e+07  4.11e+31
572      2.603  1.23e+08  1.64e+31
573      3.833  1.23e+10  8.06e+33
574      7.197  1.49e+05  3.03e+35
575      0.783  4.35e+06  4.96e+32
576      1.853  9.92e+06  7.42e+32
577     10.000  1.45e+06  2.78e+33
578      2.169  5.36e+09  4.53e+33
579      3.483  1.13e+08  1.77e+31
580      2.397  1.54e+07  8.90e+31
581      2.220  2.24e+07  5.95e+31
582      1.395    0.00      0.00
583      2.645  4.37e+05  1.98e+33
584      1.634  2.42e+06  3.46e+33
585      1.789    0.00      0.00
586      2.063  5.08e+06  9.71e+30
587      2.454  1.90e+07  3.13e+30
588      2.216  1.57e+05  3.87e+35
589      2.156  2.21e+07  8.82e+30
590      1.367  8.93e+05  4.94e+33
591      2.332    0.00      0.00
592      1.358  7.99e+06  9.84e+32
593      2.848  1.72e+05  4.37e+34
594      2.331  1.61e+07  3.60e+31
595      0.960  4.83e+09  6.82e+31
596      4.000  1.61e+06  2.42e+33
597      2.035  4.41e+08  3.19e+30
598      1.607  2.95e+06  7.68e+32
599      9.538  2.64e+06  6.76e+32
600      1.887  3.37e+06  9.06e+32
601      1.906  2.25e+07  2.91e+32
602      1.266    0.00      0.00
603       0.00  2.14e+03  1.51e+36
604      2.600  3.02e+08  1.15e+31
605      2.372  6.11e+06  1.31e+33
606      9.548  1.99e+06  2.32e+32
607      0.923  1.56e+08  2.24e+29
608      8.049  2.67e+07  1.25e+32
609      1.883  2.70e+08  2.80e+30
610      3.275  8.77e+07  1.76e+31
611      2.302    0.00      0.00
612     18.316  3.52e+05  1.27e+34
613      1.099  3.47e+10  1.44e+33
614      8.948  1.56e+08  6.45e+30
615      1.408  1.14e+08  4.69e+30
616      4.770  8.02e+08  9.37e+30
617      9.876  4.60e+05  3.97e+33
618      4.000  6.92e+05  1.93e+34
619      1.929  7.82e+06  7.71e+31
620      2.194  3.45e+07  4.63e+31
621      9.846  7.03e+06  5.05e+32
622      1.868  1.46e+07  8.19e+30
623      2.175  1.39e+07  1.17e+30
624      1.613  2.41e+09  9.13e+34
625      9.470  2.92e+09  1.80e+32
626      9.406    0.00      0.00
627      0.420  2.56e+09  1.80e+34
628      2.430  3.66e+08  2.22e+30
629      8.279  1.62e+08  2.11e+30
630      0.871  2.12e+09  8.41e+28
631      5.423  1.73e+09  4.65e+31
632     10.020  1.29e+06  1.52e+33
633     10.379  3.09e+06  3.53e+32
634      5.728  1.04e+07  1.85e+32
635      1.741    0.00      0.00
636     10.296  2.07e+07  4.59e+32
637      2.039  1.12e+07  4.33e+30
638      2.755  3.00e+07  2.40e+32
639      3.036  1.53e+07  9.19e+30
640      2.555  1.23e+07  4.08e+31
641      0.840  2.28e+07  1.43e+31
642      5.355    0.00      0.00
643      1.575  1.74e+06  2.13e+32
644      1.682  4.67e+06  5.11e+32
645     25.000    0.00      0.00
646      0.405    0.00      0.00
647     14.144  9.33e+07  3.02e+31
648      2.000  1.37e+06  3.03e+33
649      3.422  4.36e+06  1.89e+33
650      8.497  5.30e+08  5.44e+31
651     10.862  3.41e+06  7.66e+31
652      9.956  3.31e+06  3.62e+31
653      2.465  8.45e+07  3.30e+31
654     10.699  1.86e+05  8.56e+34
655      5.969  1.01e+07  4.05e+31
656      5.123  5.69e+08  5.83e+30
657      1.860  1.42e+07  4.12e+32
658      7.317  1.20e+08  7.67e+30
659      1.641  1.93e+06  4.97e+33
660      1.531  4.68e+06  3.92e+33
661      1.359    0.00      0.00
662      4.824  2.61e+06  5.54e+32
663     19.757    0.00      0.00
664     25.000  2.70e+07  6.09e+31
665      1.574  1.23e+07  1.16e+32
666      0.709  8.62e+08  1.88e+34
667     15.566  5.41e+07  8.85e+30
668      1.233    0.00      0.00
669     10.717  1.10e+04  1.68e+36
670      1.458  1.86e+05  7.62e+33
671      1.493    0.00      0.00
672     25.000    0.00      0.00
673     11.331  2.42e+06  2.76e+32
674      2.632  3.32e+05  8.26e+35
675      3.190    0.00      0.00
676     10.248  1.68e+07  7.02e+30
677     11.600  2.11e+05  1.62e+34
678     25.000  3.59e+06  7.63e+32
679     11.900  2.25e+06  8.52e+32
680     11.627    0.00      0.00
681      4.700    0.00      0.00
682     11.430  2.65e+06  2.44e+32
683     15.872  1.25e+06  2.23e+33
684     10.783  3.72e+06  6.83e+30
685      1.093    0.00      0.00
686       0.00  1.46e+06  4.03e+30
687      2.188  3.19e+07  1.75e+31
688      6.462  8.52e+05  3.40e+33
689     11.977  1.12e+06  1.46e+33
690     11.256  3.43e+08  1.15e+31
691     25.000  4.70e+07  6.65e+31
692      2.430  1.94e+09  4.93e+34
693      1.471  3.82e+09  9.15e+33
694     20.600    0.00      0.00
695      4.905  7.87e+07  1.50e+31
696      4.187  2.36e+06  3.68e+32
697      1.526  5.65e+07  1.86e+30
698      1.080  1.68e+07  5.16e+31
699      8.539  3.99e+06  1.80e+31
700     25.000  1.03e+06  5.19e+33
701      3.765  3.33e+06  2.69e+31
702     12.771  4.04e+07  2.27e+32
703     11.852  2.95e+06  2.62e+33
704     12.194  4.44e+06  7.94e+32
705      0.873  3.82e+09  7.78e+29
706      2.204  4.79e+05  1.67e+34
707     25.000    0.00      0.00
708     25.000  8.55e+06  4.47e+31
709      1.087  1.87e+07  7.43e+31
710     15.752    0.00      0.00
711     12.236  3.10e+06  7.88e+32
712     12.376  3.95e+06  2.07e+31
713     25.000  2.40e+06  3.66e+32
714     11.685  4.02e+07  2.52e+30
715      0.344    0.00      0.00
716      3.000  2.34e+06  1.17e+33
717     11.992  4.06e+06  2.45e+32
718      6.734  1.62e+06  1.31e+33
719     25.000  2.39e+10  3.64e+33
720      4.000  4.47e+05  4.99e+33
721      6.218  2.03e+06  7.96e+33
722     12.991  1.43e+05  5.57e+34
723      1.424  2.80e+06  7.87e+32
724      8.396  3.84e+07  7.45e+30
725      1.087    0.00      0.00
726     11.872  7.32e+05  3.49e+32
727      8.933  2.01e+07  7.40e+31
728     25.000    0.00      0.00
729      0.882  1.84e+07  8.04e+31
730      1.434  1.01e+10  5.16e+29
731     25.000    0.00      0.00
732      2.495  7.90e+07  6.82e+32
733      2.479    0.00      0.00
734      5.467  2.29e+07  1.19e+32
735      0.719    0.00      0.00
736     25.000    0.00      0.00
737     12.932  9.26e+06  1.56e+33
738      5.940  6.05e+09  1.16e+33
739     12.363  1.42e+06  2.86e+32
740      1.212  4.10e+09  8.13e+30
741      7.327  2.53e+07  7.95e+31
742      1.402  1.19e+06  3.67e+33
743      7.278  5.11e+05  3.11e+33
744     12.599  1.21e+04  1.38e+36
745      9.900    0.00      0.00
746      9.900  2.04e+09  5.38e+34
747      9.900    0.00      0.00
748      9.900    0.00      0.00
749     25.000  2.03e+07  1.59e+31
750      7.537  1.37e+06  7.16e+33
751      7.414  1.99e+08  1.08e+31
752      5.565  6.11e+06  6.52e+31
753      2.529  1.36e+08  5.14e+31
754      6.285  6.82e+05  2.46e+33
755     10.640  3.88e+06  1.87e+32
756      5.486  8.03e+05  1.16e+34
757      9.312    0.00      0.00
758      3.304  6.18e+06  1.16e+33
759       0.00  2.46e+05  1.33e+35
760      9.902  8.07e+06  1.96e+32
761      5.159  3.16e+06  2.27e+31
762      4.984  3.63e+06  4.15e+32
763      6.443  4.52e+07  3.33e+30
764      7.208  3.21e+06  1.32e+32
765      7.542  1.41e+09  5.78e+30
766      7.317  1.11e+07  2.19e+32
767      6.482    0.00      0.00
768      3.100  7.31e+03  3.10e+36
769      2.545    0.00      0.00
770      5.000  3.19e+05  1.21e+35
771      0.278  6.76e+09  9.73e+33
772      0.908    0.00      0.00
773      7.000  1.27e+04  5.07e+37
774      1.800  7.94e+05  1.11e+33
775      1.285  4.04e+06  8.13e+31
776     25.000    0.00      0.00
777      5.667  7.03e+07  5.59e+31
778      5.307  1.72e+07  2.13e+31
779      2.189  3.05e+07  2.92e+30
780      0.669  4.32e+09  2.51e+33
781     12.383  8.17e+06  2.01e+32
782      3.659    0.00      0.00
783      5.567  7.48e+06  1.01e+33
784      7.297  6.17e+04  2.23e+35
785      7.860  2.47e+06  1.04e+33
786      8.205  1.26e+06  1.01e+33
787      8.751  9.97e+06  2.25e+32
788     13.510  2.48e+04  1.01e+37
789      1.336  6.55e+08  1.23e+31
790      1.131  1.04e+10  1.55e+31
791      5.284  4.38e+06  5.10e+32
792      7.115  5.04e+04  1.25e+35
793       0.00  2.80e+05  6.59e+35
794      8.494  1.36e+04  5.65e+35
795      2.150  6.28e+04  8.27e+35
796     13.087  2.08e+06  3.52e+33
797      3.037  8.42e+05  4.76e+33
798      5.420  1.15e+07  2.54e+30
799     10.428  1.07e+07  3.79e+32
800      1.423  1.05e+08  9.43e+30
801      5.083  1.09e+06  6.54e+33
802      4.400    0.00      0.00
803      4.081  1.95e+07  2.66e+31
804      6.140  9.78e+07  2.29e+30
805      1.885  1.03e+04  4.95e+36
806      4.399  6.39e+07  1.12e+31
807      1.329  8.01e+09  6.71e+31
808      5.632  1.30e+04  1.04e+37
809      2.085  7.97e+09  1.93e+33
810       0.00  5.58e+04  9.64e+34
811      4.704  3.64e+06  1.55e+33
812      6.205  1.56e+07  6.74e+31
813      0.949    0.00      0.00
814      6.695  1.48e+06  3.15e+33
815      6.079  6.76e+07  8.84e+30
816      1.065  2.54e+08  1.97e+31
817      7.636  1.51e+07  8.26e+31
818      6.851  1.66e+07  1.50e+32
819     25.000    0.00      0.00
820      4.561  1.50e+07  1.22e+32
821      1.897  4.33e+06  4.44e+32
822      1.955  6.02e+04  7.75e+35
823      7.685  2.83e+05  3.79e+33
824      3.902  1.66e+05  1.56e+34
825      1.330  4.48e+06  2.26e+32
826      1.562  2.26e+09  6.84e+34
827      3.554  1.01e+10  3.65e+33
828      4.924    0.00      0.00
829      5.280  5.44e+06  2.78e+31
830      2.993    0.00      0.00
831      6.221  5.50e+06  2.98e+31
832      3.212  5.74e+08  9.48e+29
833      5.297  1.61e+06  4.15e+33
834      4.808  1.48e+07  4.55e+31
835      0.974  1.20e+09  2.99e+32
836      1.064  4.84e+06  5.77e+32
837      2.814  6.05e+09  1.18e+33
838      8.543  1.14e+05  1.44e+36
839      4.253  1.17e+06  2.44e+33
840      0.654  3.20e+09  2.38e+32
841      2.048    0.00      0.00
842      3.446  6.50e+06  4.56e+32
843      3.882  5.18e+07  8.74e+30
844      2.979  3.43e+07  3.40e+31
845      3.844  5.31e+06  1.54e+31
846      5.823  4.07e+06  6.79e+30
847      1.569  3.54e+09  3.66e+34
848      4.169  8.54e+07  3.41e+31
849      4.504  1.21e+05  3.46e+34
850      6.135  1.69e+06  1.54e+34
851      1.269  7.87e+09  2.37e+33
852      2.800  1.04e+06  1.87e+34
853      2.985  8.78e+08  3.48e+32
854      1.010  5.21e+09  1.88e+33
855      6.692    0.00      0.00
856      9.338    0.00      0.00
857      0.430  4.22e+07  2.14e+32
858      0.994  5.23e+06  3.91e+31
859      3.738  6.49e+06  4.29e+31
860      6.366  5.03e+05  8.14e+33
861      1.840  6.47e+04  9.09e+35
862      2.131  3.07e+07  9.45e+31
863      4.938  7.30e+07  1.40e+31
864      1.289    0.00      0.00
865      3.961  4.64e+06  4.70e+32
866      7.093  2.91e+05  4.82e+33
867      5.189  9.90e+06  8.91e+31
868      7.730  1.35e+09  6.49e+32
869      0.244  3.75e+08  1.52e+29
870      3.488  1.18e+06  3.10e+33
871     11.274  1.86e+07  1.21e+31
872      1.384  2.09e+06  4.23e+32
873      1.394  2.87e+06  2.65e+33
874      5.893  5.46e+07  1.42e+31
875      4.792  4.89e+06  1.01e+33
876      2.100  2.34e+06  4.88e+32
877      3.372  1.54e+05  5.15e+35
878     11.090  2.53e+06  2.15e+33
879      4.128  2.45e+07  2.86e+31
880      2.430  6.55e+06  2.38e+33
881      5.146  1.39e+07  4.95e+32
882      5.115  1.68e+07  8.92e+30
883      6.835  2.98e+05  1.27e+35
884      3.956  1.55e+09  8.97e+34
885      5.890  5.60e+05  1.18e+33
886      4.400  1.57e+03  1.73e+37
887      3.757  1.94e+06  2.94e+32
888      7.928  2.26e+07  7.20e+30
889      1.243  7.78e+06  3.89e+32
890      0.909  3.05e+09  1.59e+34
891      0.850  2.93e+09  2.43e+30
892      3.919  8.19e+05  3.45e+34
893      6.069  7.45e+05  1.02e+34
894      3.037    0.00      0.00
895      0.966    0.00      0.00
896      4.473  4.79e+07  3.09e+31
897      7.675  6.70e+06  1.19e+32
898      8.500  2.13e+09  9.50e+33
899      8.500    0.00      0.00
900      8.000  1.51e+09  6.72e+34
901      8.000    0.00      0.00
902      8.000    0.00      0.00
903      2.679  3.01e+07  3.28e+31
904     11.145  3.34e+07  7.52e+31
905      0.964  2.39e+10  1.56e+31
906      3.768  8.39e+07  1.61e+32
907      6.851  1.92e+06  1.21e+33
908      5.047  4.08e+06  3.31e+31
909     12.367  3.33e+06  1.19e+32
910      2.000  6.67e+06  4.86e+31
911       0.00  5.18e+04  1.16e+36
912      3.882  3.05e+06  1.31e+33
913      3.378  3.18e+04  3.21e+36
914      7.434  4.96e+04  1.01e+34
915      7.546  1.21e+05  5.60e+33
916      4.880  9.91e+05  6.17e+32
917      3.132  6.28e+08  7.90e+30
918      3.139  1.37e+09  3.54e+33
919      5.117  3.83e+07  2.08e+32
920      4.796  3.89e+07  1.76e+32
921      1.708  2.01e+06  5.33e+31
922      5.320  1.47e+06  3.86e+32
923      0.774  3.87e+09  4.37e+31
924      5.453  2.11e+07  1.07e+32
925      4.471  7.09e+06  7.34e+30
926       0.00  2.28e+05  2.17e+34
927      4.296  4.98e+09  1.74e+33
928      0.499    0.00      0.00
929      6.240  1.74e+07  4.52e+31
930      3.321  3.18e+06  2.91e+32
931      1.123  9.44e+05  8.51e+33
932     11.447  1.75e+07  4.32e+31
933      9.528  5.87e+07  8.37e+31
934      2.841  9.67e+04  9.12e+35
935      1.695  2.29e+07  2.16e+31
936      3.825  1.08e+08  2.94e+31
937      4.440    0.00      0.00
938      9.640  1.08e+08  3.90e+30
939      2.035    0.00      0.00
940      0.810  1.52e+07  2.20e+31
941      3.748  2.97e+06  2.51e+33
942      2.770  1.68e+06  1.98e+33
943      5.818  1.83e+08  1.56e+31
944      3.946  6.26e+05  3.11e+33
945      2.971  1.79e+06  3.70e+33
946     25.000    0.00      0.00
947     14.059  2.65e+07  1.36e+31
948      0.978    0.00      0.00
949      3.306  7.31e+06  1.10e+32
950      8.135  6.47e+06  3.11e+32
951      1.051  2.48e+08  1.76e+33
952      2.055  2.47e+06  2.79e+33
953      2.744  5.80e+06  4.62e+31
954      3.054  6.92e+09  1.88e+33
955      8.465  2.45e+06  1.38e+33
956      1.312  7.93e+06  6.63e+30
957      3.179  3.08e+06  2.65e+33
958      5.940  1.53e+08  2.61e+31
959      5.985  5.17e+05  1.10e+35
960      3.313  4.14e+06  4.15e+31
961      7.043  1.88e+06  4.68e+32
962      3.428  1.19e+06  4.52e+33
963      2.519  1.91e+08  1.28e+31
964      3.465  1.59e+07  2.43e+31
965      4.912  2.19e+07  2.83e+31
966      3.536  7.95e+05  1.33e+34
967      7.095  1.28e+08  1.83e+30
968      6.349  2.31e+07  7.21e+31
969      2.112    0.00      0.00
970      5.161  6.25e+04  1.14e+35
971      2.732  2.36e+06  7.38e+32
972      4.061  4.80e+07  4.09e+30
973      5.370  2.46e+05  1.74e+33
974      3.226  1.28e+07  9.74e+31
975      5.900  2.74e+07  4.07e+31
976      5.809  1.01e+06  1.50e+33
977      1.148  2.02e+09  7.33e+34
978      4.662  1.15e+05  3.83e+34
979      2.991  1.17e+10  1.15e+34
980      0.932  4.70e+07  4.18e+32
981      2.247  1.08e+09  4.54e+34
982      6.446    0.00      0.00
983      5.334  7.80e+05  2.38e+33
984      3.888    0.00      0.00
985      3.756  8.50e+06  2.96e+31
986      2.695  9.13e+09  3.72e+33
987      3.464  4.01e+08  3.72e+30
988      5.685  6.46e+06  1.65e+33
989      3.439  2.88e+09  1.02e+31
990      3.518  2.36e+06  7.30e+32
991      5.702  2.52e+05  8.48e+34
992      3.033  2.34e+07  1.68e+31
993      1.308  3.24e+05  2.32e+34
994      0.704    0.00      0.00
995      2.858  1.68e+08  1.50e+31
996      5.644  6.68e+05  1.67e+33
997      6.932  2.41e+07  1.29e+31
998      4.000  1.41e+03  1.03e+35
999      1.325    0.00      0.00
1000     2.227  5.68e+07  2.42e+31
1001     5.878  3.69e+04  8.25e+34
1002     3.901  1.38e+08  1.14e+32
1003     3.060  5.24e+09  3.02e+33
1004     2.636  1.38e+10  7.72e+33
1005     3.786  1.09e+06  4.91e+32
1006     2.753    0.00      0.00
1007     3.079  8.65e+05  4.61e+34
1008     6.397  1.74e+06  3.08e+31
1009     1.253    0.00      0.00
1010     1.548  7.52e+06  8.74e+31
1011     3.747  1.22e+07  1.81e+32
1012     5.299  1.32e+08  1.77e+31
1013     5.020  1.51e+06  4.18e+32
1014     8.630  1.58e+07  3.65e+32
1015     6.485  8.58e+07  4.38e+31
1016     7.430  1.56e+06  1.13e+33
1017     3.325  9.54e+04  5.21e+33
1018     5.402    0.00      0.00
1019     4.804    0.00      0.00
1020     2.300  4.00e+06  2.37e+33
1021     4.133  7.62e+05  8.96e+32
1022     2.000  6.00e+09  8.05e+33
1023     6.900  6.03e+05  2.80e+34
1024     4.183  1.45e+06  1.14e+34
1025     5.657  2.23e+07  1.80e+31
1026     1.367    0.00      0.00
1027     4.088  5.63e+07  1.70e+30
1028     3.576  7.33e+04  1.03e+35
1029     6.029  8.15e+05  1.14e+33
1030     8.000  1.97e+05  4.24e+33
1031    25.000    0.00      0.00
1032     3.412  2.81e+06  2.77e+33
1033     2.306  4.10e+06  2.52e+32
1034     4.100  1.81e+07  1.72e+33
1035     3.113  2.68e+05  3.31e+33
1036     6.730  2.81e+06  9.04e+32
1037     0.530  1.50e+10  1.89e+32
1038     3.405    0.00      0.00
1039     7.833    0.00      0.00
1040     1.214  1.68e+06  1.33e+33
1041     3.225  5.09e+06  1.15e+33
1042     1.595  6.44e+07  8.33e+31
1043      0.00    0.00      0.00
1044     5.087  3.38e+06  1.80e+32
1045     0.925  4.07e+07  3.55e+31
1046     1.087  2.18e+07  1.61e+32
1047     5.118  2.14e+06  2.49e+33
1048     3.444  1.90e+08  3.71e+31
1049     1.791  4.85e+07  5.31e+30
1050     3.747  7.89e+06  1.27e+33
1051     6.477  1.56e+06  2.44e+32
1052     3.247  7.02e+07  8.59e+30
1053     3.768    0.00      0.00
1054     5.665  5.59e+05  4.83e+33
1055     5.353  4.77e+06  2.12e+32
1056     2.015    0.00      0.00
1057     4.909  1.05e+07  3.53e+31
1058     7.234  1.95e+07  7.23e+31
1059     2.949  5.59e+05  3.36e+34
1060     2.479  2.79e+09  1.78e+30
1061     1.740  1.81e+08  1.89e+31
1062     2.747  9.30e+06  7.88e+31
1063     6.293    0.00      0.00
1064     3.994  6.38e+08  5.24e+29
1065     6.690  2.02e+06  1.32e+33
1066     6.923    0.00      0.00
1067     5.542  1.04e+07  1.58e+32
1068     3.521  9.56e+06  4.48e+32
1069     4.718  3.77e+05  7.93e+33
1070     7.421  1.57e+06  9.30e+32
1071     1.626  8.10e+06  5.30e+31
1072     0.700  5.19e+09  1.21e+34
1073     3.183    0.00      0.00
1074     5.637  7.99e+06  3.63e+32
1075    10.650  4.07e+07  9.26e+31
1076     5.148  7.42e+03  1.57e+36
1077     6.129  3.27e+06  8.14e+31
1078     5.829  3.13e+08  6.10e+30
1079     1.717  2.48e+07  4.11e+30
1080     3.911  6.05e+06  3.32e+32
1081     6.882  1.69e+07  2.83e+32
1082     3.192  6.27e+06  1.59e+32
1083     3.480  1.67e+05  1.55e+34
1084     6.842  1.01e+06  4.15e+32
1085     6.006  5.62e+05  1.06e+33
1086     7.287  3.00e+06  1.78e+31
1087    11.077  5.46e+05  3.56e+33
1088     4.743  8.13e+03  1.60e+37
1089     6.043    0.00      0.00
1090     5.516  3.51e+09  1.24e+33
1091     3.045  3.03e+10  5.86e+32
1092     3.089  1.62e+06  9.33e+33
1093     8.149    0.00      0.00
1094      0.00  2.60e+05  8.15e+34
1095     1.978  2.72e+08  1.72e+30
1096     3.917  1.32e+06  4.04e+32
1097     6.435  7.67e+06  5.89e+32
1098     1.141  5.25e+09  8.05e+33
1099    11.596  4.51e+06  2.59e+32
1100     9.762  9.28e+06  8.01e+31
1101     5.039  1.44e+06  2.08e+33
1102     5.321  1.37e+07  6.51e+32
1103     4.244  1.06e+08  1.09e+31
1104     5.412  9.95e+05  5.46e+32
1105     5.571  2.47e+04  1.35e+33
1106     4.047  6.36e+09  1.76e+32
1107     4.643  4.08e+06  6.07e+32
1108     1.667  7.84e+06  4.90e+31
1109     1.800  2.62e+08  1.95e+34
1110    21.557  5.75e+06  8.19e+32
1111     3.356  2.73e+05  4.35e+33
1112      0.00  3.24e+05  2.67e+35
1113      0.00  5.63e+05  3.94e+34
1114     3.344  4.62e+06  2.49e+33
1115     4.779  2.27e+08  3.63e+30
1116     5.634  1.71e+06  1.81e+33
1117     3.187  3.12e+07  4.72e+31
1118     8.854  2.46e+07  1.62e+32
1119     5.612  8.42e+07  1.34e+30
1120     5.251  4.35e+05  6.78e+33
1121     5.296  8.48e+05  5.82e+33
1122     8.304    0.00      0.00
1123     4.977  7.08e+05  6.45e+33
1124     7.453  2.66e+05  2.72e+34
1125     3.816  9.32e+06  3.30e+32
1126     4.325  1.98e+07  1.31e+32
1127     6.407  1.29e+06  2.45e+34
1128     4.880  2.66e+06  6.26e+32
1129     5.542    0.00      0.00
1130     3.750    0.00      0.00
1131     5.046  7.57e+06  6.65e+32
1132     3.391  7.02e+08  7.11e+30
1133     1.225    0.00      0.00
1134     0.540  1.48e+08  1.29e+32
1135     6.887  1.10e+07  7.57e+31
1136     6.726  3.74e+06  9.77e+30
1137     4.232  6.76e+06  1.04e+31
1138     5.574  1.88e+07  1.20e+32
1139     0.962  9.51e+09  1.83e+33
1140     1.187  4.88e+09  1.16e+34
1141     5.444  6.25e+05  3.20e+33
1142     4.996  4.09e+05  4.60e+33
1143     0.839  9.80e+06  1.39e+32
1144    10.801  9.91e+08  2.08e+30
1145    10.272  1.72e+08  7.05e+30
1146    11.498  1.11e+06  5.12e+32
1147    10.101  3.56e+05  6.01e+32
1148     4.836  2.40e+05  4.98e+34
1149     5.308  1.99e+04  4.76e+34
1150     2.354  1.39e+07  5.16e+31
1151    14.937  1.12e+06  2.94e+33
1152     6.171  1.46e+05  8.45e+33
1153     6.005  1.47e+06  3.42e+33
1154    18.861  3.99e+06  3.86e+31
1155    11.716    0.00      0.00
1156     7.212  5.11e+06  4.76e+32
1157     5.461  8.66e+07  1.44e+32
1158     1.445  8.05e+07  5.58e+30
1159    25.000  2.22e+07  1.93e+31
1160     2.433  6.51e+07  3.99e+31
1161     7.735  7.02e+06  3.50e+31
1162      0.00    0.00      0.00
1163     7.360  1.21e+06  1.14e+33
1164     7.214  6.13e+06  3.65e+32
1165     8.189  1.99e+06  1.20e+33
1166    12.455  7.01e+04  2.09e+35
1167     4.759  9.22e+05  4.68e+32
1168    10.229  4.53e+06  7.46e+32
1169    25.000  3.38e+06  3.11e+32
1170    11.423  6.96e+06  1.41e+33
1171     3.442  5.90e+05  7.52e+34
1172     5.744    0.00      0.00
1173     4.410  4.12e+04  6.40e+35
1174     4.416  4.16e+06  1.11e+32
1175     7.362  2.27e+06  3.92e+32
1176    19.076  1.44e+08  8.93e+30
1177    14.681  2.07e+07  5.08e+31
1178    25.000  6.65e+07  1.60e+31
1179    22.186  8.02e+05  2.99e+33
1180     4.741  7.11e+08  6.99e+29
1181    12.466    0.00      0.00
1182    12.027  1.16e+06  3.88e+34
1183     4.570  8.56e+04  9.44e+34
1184     4.742  2.53e+06  4.24e+32
1185     4.220  2.04e+06  2.65e+33
1186     4.892  6.21e+08  2.92e+30
1187     3.788  1.45e+06  6.16e+33
1188     1.515  1.78e+10  3.51e+33
1189    12.750  3.35e+03  4.38e+36
1190     4.469  3.51e+06  5.61e+33
1191     4.909  1.95e+05  1.20e+34
1192     9.894  3.51e+07  3.27e+31
1193     0.922  4.21e+08  1.25e+30
1194     6.500    0.00      0.00
1195     6.500    0.00      0.00
1196     6.500    0.00      0.00
1197     6.500    0.00      0.00
1198     6.500    0.00      0.00
1199      0.00  7.50e+05  2.72e+34
1200     3.035  3.58e+09  4.28e+34
1201     0.740  3.97e+09  7.38e+33
1202     4.641  2.24e+07  2.31e+31
1203     4.738  1.18e+05  9.39e+34
1204     4.615  2.58e+06  1.34e+32
1205     4.378  3.79e+05  3.20e+33
1206     7.786    0.00      0.00
1207     9.510    0.00      0.00
1208     4.500  3.59e+05  8.42e+33
1209     4.284    0.00      0.00
1210     6.749  2.66e+06  1.48e+34
1211     3.846  3.45e+06  1.21e+33
1212     3.914  8.01e+07  4.63e+31
1213     0.967    0.00      0.00
1214    16.160  1.21e+08  7.31e+30
1215     6.226  3.25e+04  3.58e+35
1216    10.974  4.00e+06  5.56e+32
1217     1.245  1.66e+07  1.18e+31
1218    15.937  2.61e+07  5.32e+32
1219      0.00  2.02e+05  2.75e+31
1220     2.061  3.23e+06  7.56e+31
1221     6.729  3.23e+06  3.74e+32
1222     5.518  5.38e+06  2.93e+32
1223     4.468  1.10e+05  2.09e+35
1224     5.567  2.16e+07  8.51e+31
1225    25.000  2.88e+07  2.11e+31
1226     8.839  1.13e+08  8.05e+31
1227    13.459  3.12e+08  3.37e+30
1228     4.408  3.14e+08  2.63e+30
1229     4.964  1.78e+05  1.13e+34
1230    14.320  7.20e+05  9.80e+33
1231    11.604  5.73e+06  2.90e+32
1232     1.055  8.66e+06  2.36e+31
1233     4.869  2.47e+08  2.65e+31
1234     5.343  2.94e+08  2.22e+31
1235     3.918  3.76e+05  1.15e+34
1236      0.00  1.33e+05  2.91e+35
1237     5.307  1.36e+06  1.88e+34
1238    25.000    0.00      0.00
1239     0.836  5.08e+06  1.30e+32
1240     5.200  2.82e+06  3.12e+32
1241     5.061  1.00e+06  2.33e+33
1242     6.284  5.56e+06  2.79e+32
1243     5.809  6.67e+06  1.18e+32
1244     9.228  2.04e+07  9.95e+30
1245     0.598  2.75e+08  2.44e+31
1246     3.369  8.55e+06  2.52e+31
1247    25.000  2.22e+07  3.36e+31
1248     5.108  1.29e+07  8.19e+29
1249     4.386    0.00      0.00
1250     2.635  5.86e+09  6.26e+33
1251     5.440  1.73e+06  3.88e+33
1252    17.188  3.70e+07  1.63e+31
1253    14.022  1.46e+08  1.72e+31
1254     4.475  2.02e+06  8.27e+32
1255     4.004  4.43e+08  8.03e+30
1256     3.507    0.00      0.00
1257    15.188  1.41e+07  4.76e+30
1258     4.071    0.00      0.00
1259    12.185    0.00      0.00
1260     4.942  7.49e+07  1.33e+31
1261    19.006  2.03e+07  3.50e+31
1262     4.645  1.55e+08  2.48e+30
1263    10.606  3.41e+05  1.51e+33
1264    10.705  2.35e+08  9.03e+30
1265    19.040  9.45e+06  4.65e+31
1266     3.940    0.00      0.00
1267    10.733  9.07e+06  1.29e+32
1268    25.000  1.46e+07  7.13e+31
1269     2.366  1.43e+07  1.77e+31
1270     4.558  1.18e+06  1.43e+33
1271     0.224  4.52e+09  1.27e+32
1272     5.254  4.32e+05  1.06e+33
1273    23.425    0.00      0.00
1274     6.107  1.71e+06  2.10e+33
1275     0.880  3.46e+09  3.03e+34
1276     0.485  1.64e+07  9.26e+31
1277     4.986  4.40e+07  6.32e+31
1278    12.689  2.24e+08  2.24e+31
1279     5.658    0.00      0.00
1280     7.386  4.57e+06  7.42e+31
1281     9.288  5.47e+06  5.12e+31
1282    11.634  1.77e+09  1.13e+30
1283     6.699  4.54e+07  1.71e+32
1284     7.743  2.99e+08  3.66e+30
1285    15.418  8.50e+06  2.20e+32
1286     7.050    0.00      0.00
1287     7.050    0.00      0.00
1288     7.050    0.00      0.00
1289     7.050  4.31e+08  1.24e+35
1290     7.050  1.65e+08  3.62e+35
1291     7.050  1.64e+08  7.26e+35
1292     5.251  8.25e+07  8.93e+31
1293    12.947  3.50e+06  2.97e+31
1294    19.589  9.85e+06  6.09e+32
1295    10.823  1.16e+08  8.35e+30
1296    15.190  1.64e+07  2.51e+32
1297     3.971  5.51e+04  3.42e+35
1298     4.715  3.16e+08  3.82e+31
1299     5.047  3.49e+05  3.86e+34
1300     4.326  1.70e+04  6.35e+35
1301    11.151  1.02e+07  1.36e+31
1302     1.416    0.00      0.00
1303     2.857  7.36e+06  1.31e+32
1304     3.167  2.91e+07  1.46e+31
1305    14.170    0.00      0.00
1306     5.224  1.94e+06  1.06e+32
1307     4.114  4.36e+06  7.36e+31
1308    15.245  4.29e+05  1.57e+34
1309     9.485  7.03e+07  1.67e+32
1310     1.589  5.33e+06  1.25e+33
1311     0.210    0.00      0.00
1312     2.395    0.00      0.00
1313     0.747  1.14e+06  6.11e+33
1314     3.841  3.76e+06  2.55e+33
1315     9.673  7.03e+05  1.22e+33
1316     3.426  8.34e+04  7.37e+34
1317     5.969  3.93e+05  2.15e+33
1318     3.441  4.95e+07  2.55e+32
1319     5.577  2.14e+08  4.48e+30
1320    17.644  3.10e+06  5.88e+32
1321    17.561  1.50e+06  1.09e+33
1322    19.449  2.64e+06  1.28e+33
1323     4.012    0.00      0.00
1324     3.394  1.96e+07  2.43e+32
1325     1.680    0.00      0.00
1326     4.000  4.79e+06  3.86e+32
1327    13.009  2.48e+06  3.18e+32
1328    14.053  7.84e+06  2.40e+30
1329    12.833  2.71e+06  3.26e+33
1330     1.454    0.00      0.00
1331     4.724  2.61e+06  5.01e+32
1332     3.320  6.25e+09  4.93e+33
1333    11.313  6.90e+07  2.63e+31
1334    20.594  2.26e+06  1.84e+32
1335     3.800  8.90e+03  5.80e+32
1336    23.091  7.87e+06  4.72e+31
1337     3.295    0.00      0.00
1338     1.322  1.00e+07  4.39e+31
1339     0.562  1.64e+06  8.94e+32
1340     2.179  2.02e+10  1.44e+33
1341    16.081  3.13e+06  9.97e+32
1342     4.300  1.18e+06  1.53e+33
1343     4.596    0.00      0.00
1344     6.450  3.44e+07  6.04e+30
1345     4.597  1.86e+06  4.49e+32
1346     2.600  1.75e+04  3.41e+36
1347     5.308  7.56e+08  9.09e+29
1348     6.090    0.00      0.00
1349     7.193  4.45e+07  1.71e+32
1350     0.506  2.80e+09  2.15e+34
1351     1.081  1.25e+07  6.64e+31
1352     4.146  9.95e+05  2.90e+33
1353     3.986  6.10e+07  9.74e+32
1354     4.498  9.17e+05  8.44e+32
1355     3.151  3.16e+06  3.03e+33
1356     4.355    0.00      0.00
1357     4.843    0.00      0.00
1358     1.149  8.49e+09  3.53e+33
1359     4.426  1.43e+05  1.71e+33
1360     3.885    0.00      0.00
1361     4.580  6.01e+07  5.56e+31
1362     0.215  1.88e+08  6.88e+30
1363    13.200  1.03e+03  4.15e+34
1364     4.047  2.17e+08  1.81e+30
1365     5.013  8.47e+07  1.22e+31
1366     5.196  3.34e+06  2.17e+32
1367     3.737  1.18e+05  6.84e+34
1368     3.917  1.08e+07  1.35e+31
1369    18.772  1.04e+07  1.83e+32
1370     1.754    0.00      0.00
1371     5.375  5.56e+05  2.83e+33
1372     5.418  1.72e+06  3.74e+33
1373     4.387  5.70e+06  1.02e+32
1374    21.907  1.06e+07  1.92e+32
1375     1.238    0.00      0.00
1376    25.000  1.06e+06  1.37e+33
1377     4.343  2.04e+06  6.58e+32
1378     5.012  2.22e+07  2.13e+31
1379     6.537  5.21e+08  1.02e+30
1380    14.244  5.15e+05  7.67e+33
1381    16.635  3.17e+06  1.61e+33
1382     7.283  3.80e+06  2.09e+32
1383    11.223  2.61e+07  2.32e+32
1384     5.326  7.79e+05  4.83e+32
1385     3.918  3.32e+04  1.65e+33
1386     3.488  8.95e+04  1.25e+36
1387    11.597    0.00      0.00
1388    13.803  1.25e+06  1.44e+33
1389     0.341  1.14e+10  1.64e+33
1390     4.274  3.29e+06  9.22e+32
1391    16.425  5.25e+08  4.89e+30
1392     9.826  1.80e+06  9.74e+33
1393    13.437  9.52e+06  1.19e+33
1394     2.555    0.00      0.00
1395     2.357  9.14e+07  3.00e+31
1396     0.988  4.28e+06  5.96e+31
1397     5.583  3.46e+07  6.93e+30
1398     3.772  2.34e+07  3.50e+31
1399     1.095  1.32e+07  1.23e+32
1400     3.783    0.00      0.00
1401     3.917  1.70e+08  2.98e+31
1402     8.600  9.80e+06  6.33e+31
1403     5.621  4.99e+07  7.68e+31
1404     1.365  1.00e+10  5.12e+33
1405     4.600  1.76e+05  4.51e+34
1406     2.928  1.17e+07  2.34e+32
1407     2.196    0.00      0.00
1408     3.992  1.42e+06  2.77e+33
1409     2.477  3.44e+05  3.26e+34
1410     9.068  9.26e+06  1.41e+33
1411     0.928  3.90e+09  4.66e+34
1412     4.768  1.10e+07  1.46e+32
1413     3.497  4.00e+05  3.80e+34
1414     6.842    0.00      0.00
1415    18.452  2.07e+06  3.36e+32
1416     4.330    0.00      0.00
1417     6.775  9.17e+05  4.57e+32
1418     7.366  5.90e+06  6.18e+31
1419     0.203  8.85e+06  1.23e+33
1420     4.251  1.00e+07  3.95e+31
1421     4.799  1.09e+06  5.38e+32
1422     4.141  1.42e+06  1.04e+32
1423     3.142  1.52e+09  1.79e+34
1424     4.465  8.32e+06  3.50e+31
1425     3.049    0.00      0.00
1426     5.125    0.00      0.00
1427     4.722  1.45e+04  3.51e+34
1428     4.847  3.16e+06  2.39e+33
1429     9.401  4.20e+06  1.91e+32
1430     6.724    0.00      0.00
1431     4.001  1.91e+07  1.95e+31
1432     2.613    0.00      0.00
1433     1.882  1.74e+09  4.90e+32
1434     5.415  1.45e+09  5.34e+32
1435     1.459  5.45e+06  7.71e+32
1436     4.557  1.35e+08  1.22e+31
1437     6.904  5.90e+07  1.41e+31
1438     0.974  6.11e+09  2.33e+31
1439     0.620  6.38e+09  1.49e+33
1440    12.054  2.75e+06  9.60e+31
1441     3.488  2.60e+04  1.23e+36
1442     3.460  2.36e+06  2.48e+31
1443     4.566    0.00      0.00
1444     4.782  1.46e+09  7.78e+34
1445     7.241  7.11e+06  1.55e+32
1446     4.341    0.00      0.00
1447     5.552  3.07e+05  6.86e+33
1448     0.700  8.04e+04  1.13e+34
1449     2.634  4.22e+07  6.34e+31
1450     0.640  1.11e+05  1.46e+35
1451     4.333  1.31e+07  4.30e+32
1452     4.042    0.00      0.00
1453    10.938  2.66e+07  4.93e+30
1454     7.235  7.75e+05  2.05e+33
1455    11.528  7.75e+06  7.71e+32
1456     1.875  5.93e+09  3.74e+33
1457     1.105  3.23e+08  2.55e+30
1458    12.040  4.98e+06  2.89e+32
1459     4.740  1.10e+07  9.65e+31
1460    20.614  3.48e+06  1.37e+33
1461     4.237  4.81e+06  8.37e+31
1462     3.150  3.56e+05  1.54e+34
1463    19.225  2.46e+06  8.07e+32
1464     4.217  4.01e+07  1.53e+31
1465     1.798  3.16e+07  2.81e+31
1466     3.436  9.24e+06  1.80e+32
1467    11.352  5.97e+08  1.15e+31
1468     3.744  5.29e+08  4.03e+30
1469     4.461  8.13e+03  5.63e+34
1470     1.004  1.96e+07  5.20e+31
1471     6.667  5.47e+06  6.50e+32
1472     4.974  2.14e+05  2.37e+34
1473    25.000  2.51e+07  9.56e+31
1474     2.494    0.00      0.00
1475     4.498  1.22e+07  7.34e+30
1476     6.012  1.69e+06  1.46e+32
1477    10.415  3.40e+06  4.42e+30
1478     2.626  5.07e+06  4.88e+32
1479     0.206  8.34e+09  4.30e+33
1480     3.602  3.26e+05  3.25e+33
1481     4.162  5.14e+04  5.99e+34
1482    13.384  5.75e+06  1.63e+32
1483     2.489  1.03e+06  3.85e+33
1484     1.471  3.84e+09  4.76e+33
1485     1.083    0.00      0.00
1486     2.870  3.66e+06  4.36e+31
1487     4.127  1.76e+06  2.91e+33
1488    11.991  2.15e+06  7.38e+32
1489     3.460  8.57e+04  3.71e+34
1490     4.790  2.94e+07  7.04e+31
1491     1.274  1.53e+07  6.91e+31
1492     3.755  1.31e+08  8.97e+30
1493    25.000  2.37e+07  4.81e+32
1494     0.735  2.36e+08  1.80e+30
1495     4.411  1.20e+08  1.58e+30
1496     2.911  6.50e+05  9.24e+33
1497     3.074  1.59e+05  3.01e+35
1498     4.380  1.74e+06  6.27e+33
1499     4.411  4.51e+05  4.94e+33
1500     3.794  7.05e+07  1.15e+31
1501     0.784  2.73e+08  1.96e+31
1502     1.227  1.14e+05  2.32e+35
1503     4.176  8.77e+06  1.11e+32
1504    15.056  1.45e+07  1.51e+31
1505     3.507    0.00      0.00
1506     0.400  2.06e+04  8.23e+34
1507     4.748  3.54e+05  5.43e+33
1508     4.191  2.09e+06  1.13e+33
1509     2.200  3.44e+08  1.36e+35
1510     3.571  1.42e+07  1.05e+31
1511     1.075  1.96e+09  2.27e+34
1512     2.553  3.80e+06  1.08e+31
1513     0.300  3.86e+05  9.47e+33
1514     5.168    0.00      0.00
1515    11.562  6.82e+07  7.63e+31
1516     3.073  9.59e+07  8.18e+30
1517     2.523  1.17e+07  2.88e+31
1518     3.714  5.58e+06  2.24e+33
1519     3.870  3.34e+06  5.23e+31
1520     4.552    0.00      0.00
1521    25.000  6.38e+07  1.43e+31
1522     4.624  4.74e+06  5.03e+32
1523     8.063  1.97e+08  3.07e+30
1524     5.689  1.93e+08  1.90e+31
1525     0.200  4.53e+06  6.99e+32
1526     3.950    0.00      0.00
1527     3.495  1.34e+07  2.83e+32
1528     6.493  4.17e+07  9.72e+30
1529     3.332  3.17e+05  3.39e+32
1530     8.819  2.90e+05  5.79e+34
1531     4.011    0.00      0.00
1532     5.011  6.19e+06  1.08e+33
1533     0.395  7.23e+09  5.21e+33
1534     1.923  1.17e+07  1.73e+31
1535     2.723  3.20e+07  6.89e+30
1536     3.304  7.96e+05  6.92e+32
1537     4.541  1.76e+09  1.19e+31
1538     8.783  2.97e+07  1.67e+32
1539      0.00  7.67e+09  3.71e+33
1540     5.496  2.62e+07  2.18e+31
1541     0.226  3.32e+09  5.02e+32
1542     1.214  1.54e+10  5.78e+33
1543    11.167  2.98e+07  1.87e+31
1544    15.562  6.44e+06  7.21e+31
1545     7.941    0.00      0.00
1546     8.300  3.40e+03  1.30e+34
1547     7.968    0.00      0.00
1548     8.109    0.00      0.00
1549     0.200  5.46e+05  8.49e+33
1550     4.797  4.56e+06  2.81e+32
1551     5.642    0.00      0.00
1552     6.831  1.12e+07  4.67e+30
1553    25.000  1.60e+07  3.49e+31
1554     4.153    0.00      0.00
1555     8.217  1.84e+06  1.55e+32
1556     5.612  1.27e+04  4.24e+34
1557     8.149  1.20e+06  5.84e+32
1558      0.00  4.82e+05  3.26e+34
1559     2.511  5.82e+07  4.31e+30
1560     6.135  5.99e+05  4.18e+33
1561     5.148  1.86e+07  4.35e+30
1562     8.141  5.31e+03  4.33e+37
1563     2.520  2.55e+04  2.51e+36
1564     7.151  1.98e+09  1.16e+35
1565     2.403  5.15e+06  7.82e+32
1566     8.240  1.15e+07  6.56e+32
1567     8.240    0.00      0.00
1568     8.240    0.00      0.00
1569     8.240  3.64e+08  9.42e+33
1570     8.240  8.25e+08  2.87e+33
1571     8.240    0.00      0.00
1572     3.845  6.30e+07  5.06e+31
1573     5.500    0.00      0.00
1574     5.500    0.00      0.00
1575     5.500    0.00      0.00
1576     5.500    0.00      0.00
1577     5.500    0.00      0.00
1578     4.400    0.00      0.00
1579     5.500    0.00      0.00
1580     5.500    0.00      0.00
1581     5.500    0.00      0.00
1582     5.500    0.00      0.00
1583     4.400  3.32e+08  2.15e+35
1584     4.385  3.38e+08  5.17e+35
1585     4.396    0.00      0.00
1586     5.500    0.00      0.00
1587     8.700    0.00      0.00
1588     5.500    0.00      0.00
1589     5.500    0.00      0.00
1590     5.500    0.00      0.00
1591     5.500    0.00      0.00
1592     5.500    0.00      0.00
1593     5.500    0.00      0.00
1594     5.500    0.00      0.00
1595     5.500    0.00      0.00
1596     5.500    0.00      0.00
1597     5.500    0.00      0.00
1598     5.500    0.00      0.00
1599     4.401    0.00      0.00
1600     5.500    0.00      0.00
1601     5.500    0.00      0.00
1602     5.500    0.00      0.00
1603     5.500    0.00      0.00
1604     5.500    0.00      0.00
1605     5.500    0.00      0.00
1606     5.500    0.00      0.00
1607     5.500    0.00      0.00
1608     5.500    0.00      0.00
1609     5.500    0.00      0.00
1610    13.822    0.00      0.00
1611     5.053    0.00      0.00
1612     7.382    0.00      0.00
1613     9.601  6.08e+06  1.40e+31
1614    12.646  5.72e+06  1.43e+32
1615     4.196  1.23e+07  2.84e+31
1616    12.731  1.23e+06  1.37e+33
1617     1.980  1.20e+07  2.63e+32
1618     3.279  3.26e+07  2.03e+32
1619     2.493  9.96e+06  3.54e+31
1620    25.000  4.55e+07  7.23e+31
1621     3.751    0.00      0.00
1622     8.840  1.12e+07  1.75e+30
1623    12.845  1.05e+06  1.18e+33
1624     4.858  5.40e+07  1.43e+31
1625     3.220    0.00      0.00
1626     4.069  3.56e+06  1.04e+32
1627     4.338  7.34e+07  1.03e+31
1628     5.864  2.84e+08  4.70e+30
1629    13.800  3.12e+08  1.61e+32
1630    13.800  5.02e+09  3.38e+33
1631    13.800    0.00      0.00
1632    13.800  1.65e+08  1.43e+35
1633     5.180  2.37e+06  1.70e+33
1634     3.483    0.00      0.00
1635     1.089  5.53e+09  7.38e+33
1636    14.283  9.84e+05  2.12e+33
1637     0.739  9.06e+06  1.25e+32
1638     3.030  1.01e+07  3.71e+32
1639    12.399  4.90e+06  3.50e+33
1640     0.200  1.10e+06  1.80e+33
1641     5.436  2.93e+06  5.22e+32
1642     1.123    0.00      0.00
1643     2.915  4.93e+08  3.20e+32
1644     3.232  1.55e+09  4.45e+31
1645     5.309  5.93e+05  3.78e+33
1646     0.693    0.00      0.00
1647     8.863    0.00      0.00
1648     4.021    0.00      0.00
1649    11.097  3.99e+07  3.59e+30
1650     2.520  4.72e+06  7.59e+31
1651     7.098  1.00e+07  4.77e+32
1652     2.574  7.96e+06  5.09e+32
1653     6.250  2.42e+07  4.52e+30
1654     0.235  3.87e+06  4.44e+33
1655     4.618  1.69e+07  6.85e+31
1656    15.975  1.15e+06  5.22e+33
1657     3.444  2.07e+05  2.19e+33
1658     5.055  5.10e+05  1.22e+33
1659     4.399  3.30e+05  3.47e+34
1660     4.891  2.05e+06  3.07e+33
1661     3.946  5.56e+05  6.06e+33
1662     2.703  3.02e+08  3.01e+31
1663    14.084    0.00      0.00
1664     8.181  6.52e+09  5.87e+32
1665    25.000  2.30e+07  4.92e+31
1666     4.779  1.22e+05  3.13e+34
1667     0.730  4.43e+08  1.74e+33
1668     3.834  3.73e+07  3.73e+31
1669     4.768    0.00      0.00
1670     5.112  9.27e+06  1.29e+32
1671     4.222  1.89e+06  1.03e+34
1672     3.367    0.00      0.00
1673    19.559  1.29e+08  1.05e+34
1674     3.727  3.75e+06  4.85e+33
1675     3.124  2.85e+05  4.00e+34
1676     8.133  1.33e+09  1.50e+33
1677     0.945  5.34e+09  1.49e+33
1678     4.544  6.49e+05  2.01e+33
1679    15.065  7.13e+06  4.74e+32
1680     3.410  2.15e+07  6.56e+30
1681     4.350  3.69e+06  1.17e+32
1682     2.006  1.29e+08  8.24e+30
1683     3.279  2.08e+07  3.34e+31
1684     2.239  2.53e+06  3.92e+31
1685     4.917  4.96e+07  1.98e+31
1686    21.806  3.78e+06  3.09e+32
1687     7.987  4.32e+07  2.23e+32
1688     4.620  2.43e+06  3.19e+31
1689     3.256  6.73e+05  4.37e+33
1690     5.782  1.20e+06  7.96e+32
1691     5.345  2.35e+06  8.51e+32
1692     4.870    0.00      0.00
1693     4.918  1.52e+05  4.49e+33
1694     2.417  1.97e+06  9.64e+32
1695     3.105  4.53e+06  1.19e+32
1696     1.477  1.08e+06  9.48e+32
1697    16.114  5.18e+07  3.73e+30
1698     3.559    0.00      0.00
1699     1.937  7.83e+07  2.39e+31
1700     5.739  4.42e+06  1.67e+32
1701     7.200    0.00      0.00
1702     7.200  2.09e+08  3.56e+33
1703     7.200    0.00      0.00
1704     7.200  9.71e+09  3.61e+33
1705     1.105  1.08e+10  4.39e+33
1706    20.072  2.22e+08  4.33e+29
1707     4.897  2.50e+07  2.04e+31
1708    14.873  4.46e+08  7.30e+30
1709     4.132  3.71e+05  1.20e+34
1710     4.000  5.83e+04  6.20e+34
1711     3.803  1.55e+04  2.59e+36
1712     3.013  5.21e+06  1.03e+32
1713     6.111    0.00      0.00
1714     5.915  5.52e+07  5.90e+30
1715     7.681  4.16e+06  4.89e+32
1716     5.099    0.00      0.00
1717     4.070  1.01e+07  2.20e+31
1718     6.596  1.45e+07  1.63e+32
1719     0.760  2.76e+09  1.42e+33
1720    12.876  1.05e+06  1.83e+33
1721    13.672  2.95e+07  3.50e+30
1722    19.035  4.80e+06  4.53e+32
1723    10.784  2.99e+06  2.55e+31
1724    12.534  2.13e+07  1.49e+32
1725     4.400  1.58e+04  2.22e+36
1726      0.00  8.63e+04  6.41e+35
1727     3.466  3.10e+08  1.81e+31
1728     7.800    0.00      0.00
1729     7.800    0.00      0.00
1730     7.800    0.00      0.00
1731     7.811  2.98e+07  5.24e+31
1732     7.800  7.84e+08  1.50e+33
1733     4.054  6.31e+07  3.04e+31
1734     0.805  3.62e+09  1.98e+33
1735     4.789    0.00      0.00
1736     8.367    0.00      0.00
1737     5.255  3.47e+06  3.77e+33
1738     3.883    0.00      0.00
1739     5.342  7.43e+06  4.07e+32
1740     5.409  6.84e+07  6.55e+30
1741     6.694  7.66e+05  4.96e+33
1742     4.983  3.23e+06  1.51e+33
1743     4.576  1.80e+09  7.94e+29
1744     4.589  1.43e+07  2.38e+32
1745     2.954  1.34e+08  1.99e+31
1746     3.005  5.88e+06  3.90e+32
1747    10.156  1.23e+07  1.14e+32
1748    12.793  8.19e+08  9.87e+29
1749     4.886  6.47e+04  4.16e+34
1750     1.330  6.37e+09  4.31e+32
1751     2.390    0.00      0.00
1752     7.935  5.69e+07  5.10e+31
1753     1.500  9.01e+07  2.59e+32
1754     2.790    0.00      0.00
1755     2.790  8.06e+08  4.43e+34
1756    18.556  8.77e+06  9.33e+30
1757    15.364  1.08e+06  8.47e+32
1758    17.937    0.00      0.00
1759     3.972  1.12e+07  7.28e+31
1760     8.076  1.22e+07  1.43e+32
1761     4.306  3.23e+06  6.52e+32
1762    14.163  3.29e+08  3.28e+31
1763    13.000  2.18e+02  5.02e+34
1764     4.582  8.52e+05  8.70e+32
1765     2.706  5.92e+05  1.75e+32
1766     6.276  8.20e+05  5.73e+33
1767    11.085  5.15e+06  2.19e+32
1768    13.999  3.27e+07  1.94e+32
1769    17.153  2.71e+06  2.88e+32
1770     3.152    0.00      0.00
1771     4.667  1.68e+06  2.94e+32
1772     3.268  5.14e+04  1.78e+36
1773     3.600  3.10e+04  6.56e+32
1774     5.228  9.46e+05  3.50e+33
1775     4.119  2.91e+06  4.35e+32
1776     0.880  6.76e+04  4.30e+35
1777    22.564  1.14e+08  7.44e+30
1778     5.456  2.01e+07  3.28e+32
1779     6.755  1.44e+08  9.20e+31
1780    14.518  5.52e+07  8.40e+30
1781     2.361    0.00      0.00
1782     4.237  4.66e+07  5.68e+32
1783     3.514  3.53e+09  1.65e+32
1784     1.647  1.07e+07  8.56e+32
1785    11.112  9.11e+06  8.02e+31
1786     2.965  2.72e+06  1.08e+33
1787     8.667  5.20e+07  1.75e+30
1788     5.184  5.17e+07  7.90e+31
1789     4.426  1.83e+09  3.15e+31
1790     4.933  1.40e+06  1.44e+33
1791     5.000  2.33e+04  6.42e+36
1792     1.830  3.06e+09  2.89e+34
1793     3.945  2.22e+07  1.63e+32
1794     1.447  1.01e+07  3.03e+31
1795     7.197  3.49e+06  2.84e+32
1796    10.041    0.00      0.00
1797     3.678  1.00e+06  4.30e+32
1798     4.517  8.68e+06  2.49e+32
1799     5.922  1.81e+05  1.86e+34
1800    11.219  1.26e+08  1.37e+30
1801    14.440  8.11e+05  5.15e+32
1802    22.244  2.82e+07  2.22e+32
1803     2.941  1.19e+07  9.36e+32
1804     5.229  1.41e+07  1.29e+32
1805     2.635  4.34e+04  6.24e+36
1806     4.700  5.60e+03  5.59e+37
1807     4.989  2.54e+08  2.18e+31
1808    14.968  3.25e+06  1.06e+33
1809    12.474  1.09e+08  5.32e+31
1810     3.013  5.63e+09  5.66e+33
1811     4.917  5.79e+06  1.25e+32
1812     4.182  1.82e+07  3.35e+31
1813     5.990  7.47e+07  4.41e+30
1814     4.151  7.17e+06  1.55e+32
1815     5.205  2.40e+06  2.85e+32
1816     5.037  8.46e+04  4.68e+32
1817     6.461    0.00      0.00
1818     4.887  4.04e+04  3.93e+35
1819     6.139  5.46e+05  7.34e+32
1820    25.000  7.14e+07  4.81e+31
1821     3.131  5.32e+05  2.48e+34
1822    10.097  7.10e+06  2.49e+32
1823     4.446  1.71e+06  5.99e+32
1824     3.591  1.41e+08  1.26e+31
1825     4.356  1.17e+09  5.23e+34
1826     2.580  1.79e+09  7.36e+30
1827     0.195    0.00      0.00
1828     7.341  2.49e+06  4.99e+33
1829      0.00  1.15e+05  2.42e+35
1830    17.002  9.01e+07  1.66e+30
1831     7.934    0.00      0.00
1832     4.399  3.03e+06  1.38e+33
1833     6.086  1.05e+07  4.03e+32
1834    19.138  1.46e+06  6.12e+32
1835    13.007  2.26e+06  9.34e+32
1836     5.455  2.27e+06  3.24e+33
1837     4.997  7.25e+05  1.09e+34
1838     5.362  3.63e+06  1.95e+32
1839     4.792  9.02e+05  2.28e+33
1840     3.464  2.14e+07  3.22e+31
1841    13.840  4.31e+06  2.00e+32
1842    13.539  3.62e+06  1.90e+33
1843     5.799  8.23e+06  8.78e+32
1844    16.385  2.89e+07  1.12e+31
1845     4.047  4.68e+07  1.19e+31
1846     0.811  4.02e+07  6.77e+30
1847     8.976  1.09e+07  1.79e+31
1848     3.301  1.20e+05  2.87e+32
1849     4.133  4.57e+08  2.67e+31
1850     1.881    0.00      0.00
1851     4.793  1.80e+06  2.24e+33
1852     2.712    0.00      0.00
1853     2.857  1.50e+06  1.17e+33
1854     3.333  5.73e+06  9.59e+32
1855     5.902  3.25e+06  2.27e+32
1856     5.195  1.39e+05  4.04e+34
1857    14.039  5.25e+07  1.24e+32
1858     1.723  1.85e+10  2.97e+31
1859     3.160  1.76e+08  2.07e+31
1860     7.556  5.65e+06  1.36e+32
1861     6.129  2.93e+04  7.78e+33
1862     4.540  5.65e+06  3.02e+31
1863     4.140  2.48e+07  1.35e+31
1864     4.444  1.16e+07  3.40e+31
1865     5.411    0.00      0.00
1866     2.873  1.24e+07  2.73e+31
1867     4.611  4.16e+08  6.03e+30
1868     3.826  9.80e+07  9.16e+30
1869    15.673  1.33e+05  2.13e+35
1870    16.078  4.35e+07  1.51e+31
1871     7.776  1.21e+07  1.62e+31
1872     6.404  3.87e+05  3.77e+32
1873     4.757  3.75e+06  3.61e+33
1874      0.00  6.26e+06  1.40e+30
1875    14.868  6.99e+06  1.30e+32
1876     3.260  2.19e+07  8.12e+30
1877     3.687  1.58e+07  1.90e+32
1878     5.271  1.06e+07  1.02e+32
1879     2.000  5.26e+07  2.10e+31
1880     5.371  3.22e+06  2.48e+33
1881     9.274  8.01e+05  2.29e+32
1882     5.873  1.02e+06  1.61e+33
1883     8.157  5.70e+06  4.15e+31
1884    10.147  9.31e+07  2.51e+30
1885    12.100  2.55e+07  8.28e+35
1886    12.100  2.01e+08  2.18e+31
1887    12.100  2.87e+07  1.32e+32
1888    12.100    0.00      0.00
1889    12.100    0.00      0.00
1890    12.100    0.00      0.00
1891     1.586  1.54e+06  5.04e+33
1892     1.871  1.01e+07  9.88e+30
1893     3.096  1.26e+08  9.94e+31
1894     2.928    0.00      0.00
1895     6.018  1.94e+06  1.70e+33
1896     4.458  1.07e+06  4.46e+33
1897     4.693  3.65e+07  8.80e+30
1898     4.551  1.45e+07  3.34e+32
1899     6.078  8.62e+06  4.27e+32
1900     3.700  5.73e+05  3.05e+34
1901     4.597  6.12e+07  7.57e+30
1902     7.867  1.37e+07  2.01e+31
1903     5.500  2.99e+07  2.24e+36
1904     5.500    0.00      0.00
1905     5.500    0.00      0.00
1906     5.500    0.00      0.00
1907     5.500    0.00      0.00
1908     5.500    0.00      0.00
1909     5.500    0.00      0.00
1910     5.500    0.00      0.00
1911     5.500    0.00      0.00
1912     5.500    0.00      0.00
1913     5.500    0.00      0.00
1914     5.500    0.00      0.00
1915     7.301  8.04e+06  1.56e+33
1916     1.861  1.41e+07  7.32e+31
1917     3.861  1.06e+10  2.84e+33
1918     0.300  2.33e+05  4.54e+33
1919     2.750  1.61e+07  1.05e+31
1920     4.440  1.95e+05  4.11e+34
1921     6.824    0.00      0.00
1922     1.238    0.00      0.00
1923     3.976  6.75e+06  2.11e+31
1924     1.550  1.44e+04  3.58e+36
1925     3.606  2.14e+04  2.84e+36
1926     3.243  1.39e+06  7.58e+32
1927    14.919  5.58e+06  7.68e+32
1928     2.735  4.29e+09  6.62e+33
1929     9.991  2.77e+06  3.08e+33
1930     4.068  1.12e+06  2.12e+33
1931     5.034  3.88e+06  2.67e+33
1932      0.00  1.74e+05  1.44e+34
1933    12.114  2.92e+06  2.95e+33
1934     0.999    0.00      0.00
1935     4.014  3.96e+06  6.74e+33
1936     3.648  1.89e+05  5.47e+34
1937     4.767  7.72e+04  1.56e+36
1938     7.949  1.37e+07  6.17e+31
1939     2.754  1.61e+07  7.05e+31
1940    17.961  6.44e+06  3.67e+32
1941     4.267  6.01e+06  2.62e+33
1942     6.094  1.05e+06  5.86e+33
1943     4.938    0.00      0.00
1944     5.937  8.77e+05  7.57e+33
1945     0.915  1.24e+10  3.01e+31
1946    10.252  2.31e+07  2.26e+32
1947     3.502  1.15e+06  2.34e+34
1948     3.420    0.00      0.00
1949     3.147  1.07e+05  3.56e+34
1950     3.757  2.06e+06  7.83e+30
1951    12.631  6.91e+06  1.62e+32
1952    10.100  1.60e+08  6.55e+30
1953     4.910    0.00      0.00
1954     3.886  3.14e+07  5.32e+31
1955     3.683  1.28e+05  1.08e+36
1956     4.875  8.27e+06  9.26e+30
1957     6.314  1.15e+07  1.16e+31
1958    10.121  7.35e+06  3.30e+32
1959     1.041  5.45e+06  4.03e+32
1960    10.368  3.18e+05  3.55e+33
1961     5.200  1.61e+05  9.30e+33
1962     2.500  5.21e+09  1.62e+34
1963     4.691  1.25e+06  4.60e+33
1964     3.717    0.00      0.00
1965     8.166    0.00      0.00
1966    13.360  1.68e+06  4.37e+33
1967     2.500  2.62e+05  5.07e+33
1968     9.390  1.88e+07  1.43e+31
1969     7.134  6.20e+05  4.31e+33
1970     4.500  1.47e+05  5.84e+35
1971      0.00  3.49e+04  3.13e+32
1972     4.100  4.85e+03  3.37e+37
1973     7.698  1.91e+07  8.17e+31
1974     1.336  1.11e+08  1.58e+30
1975     3.352  7.84e+08  2.94e+30
1976     4.675  1.16e+07  4.95e+32
1977     2.491  6.39e+07  1.16e+32
1978     6.340  4.23e+06  6.21e+32
1979     8.354  8.32e+06  7.46e+32
1980     4.098  1.40e+05  1.70e+34
1981     4.909  3.85e+05  2.62e+33
1982     5.953  7.81e+05  3.32e+33
1983      0.00  4.94e+03  2.05e+34
1984     4.851    0.00      0.00
1985     4.115    0.00      0.00
1986     6.117  1.43e+09  1.17e+30
1987     3.405  1.21e+08  4.03e+31
1988     8.114  1.20e+07  2.42e+31
1989     3.452  1.16e+10  2.06e+33
1990     5.510  4.36e+06  2.02e+32
1991     8.791  3.64e+07  1.45e+31
1992    10.644  4.18e+06  3.03e+31
1993     5.041  1.20e+05  5.58e+34
1994     6.144  2.77e+07  3.16e+31
1995     5.043  6.36e+05  1.33e+33
1996     5.062  3.15e+08  3.59e+31
1997     4.881  1.02e+07  1.59e+32
1998     4.215  5.25e+05  5.64e+34
1999     3.633  1.39e+08  3.12e+31
2000     2.874  8.10e+05  8.45e+33
2001     3.159  1.28e+05  1.78e+35
2002    19.572  6.11e+06  2.28e+32
2003    10.700    0.00      0.00
2004     4.358  3.38e+06  1.48e+33
2005     8.315  5.56e+06  5.38e+32
2006     5.343  7.56e+05  2.61e+33
2007     6.066    0.00      0.00
2008     3.638  2.73e+06  7.16e+33
2009     3.200  2.29e+10  2.42e+33
2010     3.200    0.00      0.00
2011     0.300  1.83e+06  1.14e+34
2012     3.145  5.80e+06  2.83e+32
2013     4.250  1.99e+08  1.40e+31
2014     4.315  9.63e+05  1.61e+34
2015     4.771  3.38e+04  2.00e+36
2016     4.137  3.91e+07  4.40e+30
2017     5.239  1.44e+08  3.59e+30
2018     6.603  5.02e+06  3.23e+31
2019     8.270  8.14e+05  2.18e+32
2020     3.232  1.78e+06  9.18e+32
2021     7.777    0.00      0.00
2022     6.096  1.29e+09  2.46e+30
2023     6.629  5.19e+04  8.31e+34
2024      0.00  4.89e+03  6.02e+36
2025     4.061  1.12e+05  1.01e+35
2026     4.545  1.90e+08  3.83e+30
2027     6.600  2.27e+04  5.55e+36
2028     4.114  6.27e+06  6.72e+31
2029     3.514  4.29e+08  4.83e+30
2030     1.541  1.13e+07  1.54e+31
2031     8.398  1.93e+08  1.36e+31
2032     6.074  2.49e+06  2.89e+32
2033     6.088  4.21e+06  9.25e+31
2034     7.885  3.02e+05  3.63e+34
2035     4.042  8.91e+06  9.81e+30
2036     4.269  1.07e+06  2.15e+33
2037     4.483  2.92e+06  9.57e+33
2038     3.979  2.80e+06  6.51e+32
2039     2.457  5.83e+07  4.56e+31
2040     4.817  1.96e+06  1.58e+33
2041     6.815  2.55e+05  1.40e+34
2042     3.976  6.12e+06  2.80e+31
2043     5.846  1.52e+06  6.46e+32
2044     4.557  5.93e+05  5.91e+33
2045     4.236  1.42e+06  5.97e+32
2046     5.727  1.30e+06  1.34e+32
2047     4.990  5.91e+09  8.37e+31
2048    14.281  6.94e+07  4.70e+31
2049     5.742  6.44e+06  1.06e+32
2050     4.195  7.16e+06  7.27e+31
2051     5.095  3.55e+06  6.25e+30
2052     9.981  2.33e+06  3.04e+32
2053    11.812  3.74e+06  2.94e+32
2054     0.721  1.65e+07  8.73e+29
2055     1.449  1.75e+07  1.31e+31
2056     4.230  5.77e+07  1.22e+34
2057     7.930  5.81e+05  2.45e+33
2058     4.170  7.83e+07  2.91e+30
2059     3.776  5.59e+04  2.69e+35
2060     0.993    0.00      0.00
2061     4.399  4.61e+05  3.91e+34
2062     9.600  4.57e+03  9.86e+32
2063     4.969  4.16e+05  1.80e+33
2064     4.125  3.02e+04  1.04e+35
2065     1.664  5.54e+06  7.76e+32
2066    14.205  3.30e+07  1.06e+31
2067     2.459  3.50e+07  1.43e+32
2068     6.972  2.48e+06  2.26e+32
2069     5.040  1.65e+06  3.97e+31
2070     8.637  1.42e+06  2.69e+33
2071     4.329  4.56e+06  2.52e+33
2072     3.711  5.74e+07  3.22e+30
2073     3.635  3.80e+05  5.93e+33
2074     5.727  4.07e+08  4.83e+30
2075    15.962  6.52e+07  9.79e+31
2076     3.946  1.03e+08  3.87e+30
2077     9.713  5.21e+05  1.01e+34
2078     6.430  3.26e+07  8.62e+31
2079     2.573    0.00      0.00
2080     3.328  1.79e+06  4.50e+32
2081     8.300  4.97e+07  2.05e+31
2082     5.866    0.00      0.00
2083     7.662  4.30e+06  3.24e+32
2084     5.931  2.22e+06  6.84e+31
2085     5.798  2.02e+06  1.77e+34
2086     3.983  5.18e+06  1.97e+32
2087     4.887  1.40e+07  7.84e+31
2088     4.068  2.73e+06  5.07e+32
2089     4.282  1.42e+06  1.20e+34
2090     7.053  5.66e+05  4.89e+33
2091     4.314  4.90e+05  4.44e+33
2092     1.260  3.06e+09  6.00e+34
2093     3.472  1.40e+10  1.50e+33
2094    12.020  1.28e+06  1.43e+33
2095     6.027  5.19e+07  1.04e+30
2096     3.908    0.00      0.00
2097     6.843    0.00      0.00
2098    10.440  1.67e+06  9.11e+32
2099     4.357  6.19e+09  5.77e+33
2100     4.920  4.81e+05  5.05e+33
2101     6.030    0.00      0.00
2102      0.00    0.00      0.00
2103     5.261  2.43e+06  1.79e+32
2104     5.973  8.13e+05  2.79e+33
2105      0.00  1.16e+04  4.25e+36
2106     3.074  4.01e+06  1.59e+32
2107     5.684  6.28e+06  1.37e+33
2108     4.578  8.60e+07  6.48e+31
2109     5.404  4.17e+05  2.29e+34
2110     1.683  3.18e+06  1.40e+33
2111     5.554    0.00      0.00
2112     5.063  3.71e+05  3.91e+34
2113     4.093  6.81e+05  3.88e+33
2114     5.471  1.29e+06  4.07e+32
2115     4.918  4.13e+07  7.50e+30
2116     9.407  1.20e+06  4.49e+33
2117     7.113  4.52e+06  1.26e+34
2118     5.011  1.07e+06  1.45e+33
2119     6.715  1.63e+06  9.03e+33
2120     9.175  4.27e+06  2.14e+31
2121     3.998  6.13e+05  5.41e+33
2122     4.003  4.42e+05  7.07e+31
2123     5.800  7.28e+02  8.06e+36
2124    13.937  4.40e+06  1.16e+33
2125     4.236  2.63e+06  3.20e+32
2126     1.530  3.60e+05  3.41e+34
2127     3.744    0.00      0.00
2128    25.000  1.28e+07  2.06e+30
2129     5.801  8.33e+04  1.67e+32
2130     3.419  1.83e+05  9.55e+33
2131     3.966  6.96e+08  1.34e+31
2132     4.378  1.39e+06  4.91e+32
2133     8.517  1.91e+08  2.83e+31
2134     4.324  2.65e+06  3.89e+32
2135     1.080  5.29e+06  4.09e+32
2136     7.408  3.22e+06  2.57e+33
2137     4.400  1.99e+06  7.23e+32
2138    11.770  4.51e+07  3.79e+32
2139     8.799  2.93e+06  7.97e+31
2140    15.696  1.24e+07  9.95e+32
2141    12.600  9.41e+06  1.35e+31
2142     1.128  9.16e+05  2.67e+33
2143     3.864  1.91e+07  3.03e+32
2144     5.647  1.45e+07  2.51e+31
2145     9.527    0.00      0.00
2146     3.149  1.49e+07  2.44e+32
2147     5.261  3.35e+08  2.11e+31
2148     3.545  2.11e+07  5.96e+30
2149     0.751  2.93e+06  1.15e+31
2150      0.00  4.31e+04  9.78e+36
2151     7.776  9.56e+05  1.45e+33
2152     4.691  3.07e+05  6.93e+33
2153     1.266  4.81e+05  2.91e+33
2154     1.671  5.59e+05  1.93e+33
2155     3.523  2.80e+05  2.46e+33
2156     3.849  4.97e+05  5.97e+32
2157     3.976  2.86e+07  2.88e+32
2158     6.068  4.58e+07  5.07e+31
2159     5.631  8.04e+06  1.62e+31
2160     6.710  6.75e+04  3.34e+35
2161     4.047  4.77e+07  1.12e+31
2162     6.502  9.21e+06  1.26e+32
2163     3.385  5.18e+09  9.54e+33
2164    12.310  4.37e+08  7.14e+34
2165     8.234  5.04e+07  1.47e+32
2166     2.167  3.67e+06  1.43e+33
2167     1.225    0.00      0.00
2168     5.453  1.73e+06  1.34e+33
2169     0.959  2.56e+07  1.23e+31
2170     5.214  6.08e+06  1.13e+32
2171     5.648  1.05e+05  7.23e+33
2172    12.653  2.50e+06  2.12e+33
2173     7.922  8.66e+05  3.81e+33
2174     4.089  4.14e+06  1.86e+33
2175     5.558    0.00      0.00
2176     6.199  1.27e+07  1.34e+31
2177     2.644  1.66e+06  2.60e+32
2178     4.319  1.31e+06  2.19e+33
2179     5.581  1.08e+06  6.31e+32
2180     8.000  3.56e+05  3.69e+32
2181      0.00    0.00      0.00
2182    10.000  1.92e+08  2.97e+32
2183     4.726  4.07e+06  7.54e+32
2184     5.713  1.32e+06  2.57e+33
2185     6.389  2.06e+08  1.73e+30
2186     4.515  5.68e+05  4.01e+33
2187     2.460  6.08e+07  9.10e+31
2188     5.339  2.88e+05  2.11e+35
2189     5.815  1.88e+05  2.10e+34
2190     3.841  2.04e+05  4.03e+34
2191     5.859    0.00      0.00
2192    14.808    0.00      0.00
2193     9.127  1.12e+07  6.82e+31
2194     6.546  3.27e+06  1.20e+34
2195     1.285  1.07e+07  5.31e+31
2196    12.648  1.21e+07  3.38e+30
2197     1.319  7.44e+09  5.02e+33
2198     5.964    0.00      0.00
2199     4.498  4.98e+05  6.05e+31
2200     7.112  1.17e+07  2.86e+31
2201     9.525  1.81e+08  8.76e+30
2202     5.014  7.18e+06  2.94e+32
2203    13.835  1.42e+07  1.34e+32
2204     6.910  4.37e+06  1.09e+32
2205    10.896  1.21e+07  4.33e+30
2206     7.042  6.05e+07  1.70e+32
2207     7.479  3.71e+06  6.31e+31
2208     5.940  7.40e+05  1.18e+33
2209     9.989  2.86e+07  7.76e+30
2210    11.706  8.26e+04  3.90e+33
2211    10.336  5.45e+06  1.71e+33
2212     6.114  2.28e+07  2.30e+32
2213     5.126  5.22e+09  9.27e+33
2214     6.540  8.04e+06  2.02e+32
2215     3.300  2.03e+04  4.30e+35
2216     6.318  2.06e+04  4.63e+36
2217     6.213  1.80e+08  1.97e+31
2218     4.012  3.46e+06  1.32e+33
2219     9.835    0.00      0.00
2220     0.160  3.76e+06  3.35e+30
2221     2.511  1.04e+08  4.74e+31
2222     4.566  7.10e+04  4.51e+35
2223     7.259  7.12e+05  2.21e+33
2224     8.000  1.64e+05  2.21e+34
2225     6.664  4.62e+06  2.27e+32
2226    12.257  8.00e+05  6.38e+33
2227    13.138  1.68e+06  1.47e+33
2228     1.200  4.76e+09  4.57e+33
2229     4.046  5.54e+06  8.31e+30
2230     6.093    0.00      0.00
2231     7.229  2.56e+06  4.39e+32
2232     5.150  3.06e+06  9.29e+30
2233     4.777  1.34e+08  6.20e+30
2234     5.490  1.99e+06  4.75e+33
2235    10.144  1.73e+06  1.19e+33
2236     0.921  9.94e+09  1.11e+34
2237     7.688    0.00      0.00
2238     6.438  6.49e+05  8.84e+32
2239     9.003  5.07e+06  4.77e+32
2240    10.297    0.00      0.00
2241     4.119  3.77e+06  1.90e+32
2242     5.985  4.37e+08  7.36e+29
2243     4.229  4.29e+07  9.82e+31
2244     4.854  9.52e+05  1.96e+32
2245     4.515  1.04e+06  4.30e+33
2246     4.801  1.32e+10  1.97e+33
2247     6.988  1.53e+06  4.19e+33
2248     8.595  1.21e+06  3.41e+33
2249    13.706  9.97e+07  3.09e+30
2250     0.700  4.74e+07  3.52e+31
2251     6.838    0.00      0.00
2252     2.375  1.09e+07  3.51e+31
2253     7.411    0.00      0.00
2254     6.597  1.56e+06  3.95e+33
2255     3.229  1.94e+06  3.89e+33
2256     7.523  6.09e+05  1.31e+33
2257     4.300  4.52e+07  8.20e+30
2258     5.304  2.70e+09  3.81e+33
2259     3.773  2.46e+06  2.01e+33
2260     8.445  4.94e+06  1.97e+32
2261     5.886  1.93e+07  8.00e+31
2262     7.000  1.39e+06  1.05e+33
2263     6.685  6.90e+05  2.95e+33
2264     5.342  3.21e+05  2.75e+32
2265    10.290  1.26e+06  1.04e+33
2266    12.063  8.86e+05  9.18e+32
2267     5.919  3.13e+05  5.28e+33
2268     5.831  2.88e+06  1.03e+31
2269     2.942  7.32e+08  1.23e+30
2270     3.400  4.46e+06  3.38e+32
2271     1.923  1.72e+07  1.14e+31
2272    13.917    0.00      0.00
2273     2.503  2.21e+08  8.43e+29
2274     0.894  3.77e+07  4.34e+30
2275     6.052    0.00      0.00
2276     5.990  8.06e+06  5.18e+31
2277     4.049  1.21e+07  2.23e+31
2278     3.600  9.19e+05  1.22e+33
2279     7.000  1.38e+06  9.96e+32
2280     3.328  3.68e+07  7.14e+31
2281     3.795  1.65e+06  6.11e+32
2282     1.645  3.00e+09  6.87e+34
2283     3.300  2.87e+06  4.10e+32
2284     4.043  7.03e+06  9.79e+32
2285     6.122  1.81e+09  7.48e+34
2286     6.863    0.00      0.00
2287     5.887  3.09e+05  1.45e+34
2288    12.449  2.02e+06  1.66e+33
2289     5.923  1.18e+06  8.44e+32
2290     2.611  1.06e+07  7.52e+31
2291     6.256  1.53e+05  3.20e+34
2292     5.756  2.32e+07  6.36e+31
2293     0.930  5.46e+09  8.84e+33
2294     6.364  1.87e+07  1.72e+33
2295     5.305  6.76e+06  6.43e+32
2296     4.578  1.02e+10  1.21e+31
2297     4.401  1.69e+10  9.98e+32
2298     6.154  8.06e+06  1.78e+33
2299    10.966  2.41e+05  3.74e+34
2300     5.496  1.07e+08  1.70e+30
2301     7.274  1.60e+07  6.92e+31
2302    25.000  7.66e+06  3.44e+31
2303     7.644  3.33e+06  4.54e+32
2304    14.450    0.00      0.00
2305     1.064  1.22e+10  3.57e+33
2306     9.081    0.00      0.00
2307     8.797  6.28e+06  5.11e+32
2308     4.952  1.16e+05  5.51e+33
2309     4.980  2.08e+06  7.17e+32
2310    11.553  9.88e+05  1.33e+34
2311     4.477  1.33e+10  6.04e+33
2312    10.069  1.44e+06  3.98e+32
2313     4.092  1.11e+10  1.30e+34
2314     3.091  1.21e+06  3.28e+33
2315     7.000  1.98e+06  4.42e+33
2316     4.966  1.34e+08  2.82e+30
2317      0.00  4.92e+04  1.02e+36
2318     7.075    0.00      0.00
2319     7.400  1.13e+05  2.68e+35
2320     7.414  9.29e+07  1.12e+31
2321     6.721  7.86e+07  7.66e+30
2322     8.751  4.91e+06  1.03e+33
2323     7.986  4.40e+07  3.72e+31
2324     9.481  4.63e+05  2.34e+34
2325    11.845    0.00      0.00
2326    11.835  5.73e+06  8.43e+31
2327     2.370  1.95e+04  2.83e+36
2328     3.400  1.13e+04  5.27e+35
2329     4.994  3.13e+05  1.51e+34
2330     5.810  1.36e+07  1.40e+32
2331     4.989  4.36e+06  6.15e+31
2332     8.224  3.80e+04  3.22e+35
2333      0.00  8.95e+02  2.59e+34
2334     7.551  1.41e+05  2.20e+33
2335    10.526  6.73e+06  1.36e+32
2336     3.475  3.25e+06  4.82e+32
2337     2.460  3.62e+07  1.13e+31
2338     6.706    0.00      0.00
2339    11.278  1.37e+07  6.37e+31
2340     5.845  1.78e+06  4.14e+33
2341     0.669  4.08e+06  3.40e+33
2342    11.320  4.08e+06  5.84e+32
2343     8.272  1.23e+06  1.48e+34
2344     8.906  1.53e+05  3.61e+34
2345     5.561  1.34e+08  6.76e+30
2346     5.405  3.52e+08  1.25e+31
2347     4.358  2.92e+06  2.07e+32
2348     4.500  2.84e+06  2.25e+32
2349     9.559  5.82e+05  1.88e+33
2350     1.325  3.65e+06  3.12e+32
2351     8.286  2.47e+04  4.50e+35
2352     7.608  9.87e+04  1.28e+35
2353     4.800  1.70e+06  4.57e+33
2354     7.126  9.81e+07  3.16e+31
2355     4.411  7.21e+07  8.75e+30
2356     2.447  8.86e+07  2.40e+31
2357     2.592    0.00      0.00
2358     1.140  3.33e+09  2.16e+34
2359     8.105  1.21e+08  2.79e+30
2360     7.932  2.04e+07  2.69e+32
2361    14.441  3.65e+06  6.74e+32
2362     2.859  8.26e+06  1.39e+31
2363    11.021  6.68e+06  9.87e+32
2364    21.255  3.73e+06  8.18e+32
2365     3.679  7.02e+06  1.21e+31
2366     6.233  6.21e+05  9.52e+33
2367    16.743    0.00      0.00
2368     8.139  2.78e+06  1.08e+32
2369     1.496  8.16e+09  3.09e+33
2370     1.482    0.00      0.00
2371     4.550  1.76e+10  3.34e+33
2372     1.631    0.00      0.00
2373     1.627  3.87e+10  5.80e+32
2374     1.631  1.48e+08  5.16e+34
2375     1.634    0.00      0.00
2376     4.047    0.00      0.00
2377     9.500    0.00      0.00
2378     9.500    0.00      0.00
2379     6.234    0.00      0.00
2380     8.085    0.00      0.00
2381     1.070  4.12e+09  1.16e+34
2382     1.365  4.33e+09  6.75e+33
2383     1.955  5.57e+08  5.30e+30
2384     4.154  4.11e+05  9.07e+33
2385     3.369  3.48e+06  3.61e+31
2386     2.150  4.38e+07  3.69e+31
2387     4.041  3.22e+06  2.85e+32
2388     4.338  9.18e+04  2.61e+33
2389     5.863  8.29e+09  2.99e+33
2390     5.069  7.04e+06  5.62e+31
2391     8.204  4.66e+05  7.43e+34
2392     2.997  1.47e+05  1.60e+35
2393     4.337  4.56e+07  8.90e+30
2394     7.671  7.92e+05  1.13e+33
2395     4.613  1.69e+05  2.87e+36
2396     5.446  1.54e+07  1.12e+33
2397     7.140  2.69e+09  3.13e+32
2398    12.142    0.00      0.00
2399    13.771  9.67e+05  6.91e+33
2400     6.179  1.69e+06  4.35e+32
2401     5.263  1.03e+07  2.24e+32
2402     7.584  9.78e+06  8.83e+31
2403    14.115  7.12e+06  4.20e+32
2404     1.776  3.31e+08  3.93e+30
2405     8.467  9.46e+09  1.93e+32
2406     7.841    0.00      0.00
2407     3.140  1.45e+07  1.19e+32
2408    10.276  1.68e+07  3.69e+32
2409     1.404  7.39e+06  3.55e+31
2410     3.566  2.35e+08  6.29e+29
2411    10.840  3.46e+06  1.54e+33
2412     7.000  4.20e+05  9.10e+33
2413     5.495    0.00      0.00
2414     7.221    0.00      0.00
2415    14.165    0.00      0.00
2416     7.128  9.63e+07  7.34e+31
2417     4.167  1.09e+08  1.65e+33
2418     2.196  6.32e+07  3.79e+30
2419    11.779  8.02e+05  2.66e+33
2420    11.008  2.40e+06  1.34e+33
2421     9.391  2.64e+06  4.97e+31
2422     1.904  1.70e+06  5.04e+33
2423     7.747  3.77e+07  6.34e+30
2424     8.148  2.93e+08  5.39e+30
2425     6.486  1.54e+05  7.87e+34
2426     4.500  1.22e+06  6.45e+33
2427     1.600  1.59e+07  2.52e+31
2428     7.945  5.19e+06  9.31e+31
2429     1.231  1.93e+06  7.15e+31
2430     5.882  4.28e+05  3.85e+34
2431     5.530  1.64e+07  3.41e+32
2432     4.965  2.36e+06  1.46e+33
2433     1.111  4.72e+09  2.27e+33
2434     2.966  1.46e+07  6.70e+31
2435     6.297    0.00      0.00
2436     1.304  8.81e+04  5.09e+33
2437     0.802  2.31e+06  1.97e+33
2438     5.882  2.63e+06  1.47e+32
2439    14.371  4.31e+07  5.63e+30
2440    13.026  2.39e+06  8.02e+32
2441     5.414  4.13e+07  4.79e+31
2442     4.094  1.93e+07  7.47e+30
2443     6.099  1.89e+07  7.79e+31
2444     6.186  4.19e+07  1.39e+31
2445    10.151  5.42e+06  2.35e+31
2446     6.134  5.18e+07  4.65e+31
2447     1.722  3.62e+08  2.80e+30
2448     5.085  2.04e+09  4.91e+34
2449     5.748    0.00      0.00
2450     4.032    0.00      0.00
2451     2.896  6.22e+05  2.27e+34
2452     2.810  1.75e+06  9.36e+32
2453     9.038  2.32e+06  1.31e+34
2454     5.353    0.00      0.00
2455     2.434  1.10e+09  8.14e+34
2456     4.322  1.45e+07  6.39e+31
2457     3.292  2.41e+08  4.48e+30
2458     0.300  1.57e+07  2.23e+31
2459    10.486  3.47e+08  5.71e+30
2460     5.360  2.80e+05  4.01e+34
2461     5.280  2.86e+07  1.59e+31
2462     4.000  2.09e+06  2.58e+32
2463     5.367    0.00      0.00
2464     3.975  2.02e+08  1.04e+31
2465     1.201  6.28e+09  6.94e+33
2466     4.684  3.72e+06  4.74e+32
2467    10.663    0.00      0.00
2468    10.183  1.28e+05  5.69e+32
2469     5.059  9.77e+05  2.56e+34
2470    10.655    0.00      0.00
2471     5.465  1.80e+06  6.14e+33
2472     7.935    0.00      0.00
2473     5.060  1.15e+05  9.54e+35
2474     8.329    0.00      0.00
2475     4.995  6.91e+06  7.84e+31
2476     5.286  6.51e+07  3.71e+30
2477     8.722  1.34e+07  4.60e+32
2478     1.531  2.11e+06  1.25e+31
2479     5.649  9.56e+07  3.73e+30
2480     1.519    0.00      0.00
2481     6.000  5.11e+05  3.64e+33
2482    10.569  1.49e+07  2.31e+31
2483     5.948  1.35e+06  5.17e+33
2484    10.939  7.24e+07  1.03e+32
2485     5.302  6.59e+07  4.07e+31
2486     3.100  2.11e+06  3.34e+33
2487     6.712  2.94e+07  1.04e+31
2488     6.079  2.85e+09  2.40e+34
2489     3.079  7.63e+07  8.03e+30
2490     5.746    0.00      0.00
2491     4.337  8.26e+04  1.60e+36
2492    10.566  2.04e+06  4.59e+32
2493     1.259    0.00      0.00
2494     4.768  3.75e+06  2.22e+32
2495     0.762    0.00      0.00
2496     3.324  8.19e+06  5.12e+31
2497    11.625    0.00      0.00
2498     6.603  1.60e+06  5.89e+33
2499     2.653  5.36e+06  2.23e+32
2500     9.321  2.12e+07  4.46e+31
2501    11.972    0.00      0.00
2502     6.339  3.29e+06  3.29e+32
2503     5.937    0.00      0.00
2504     4.663    0.00      0.00
2505     2.004  1.63e+08  1.11e+32
2506     7.000  2.89e+03  1.16e+37
2507     3.268  1.06e+10  1.78e+33
2508     1.387  3.22e+08  5.52e+30
2509     6.123  4.45e+06  4.44e+31
2510     4.011  9.93e+05  6.37e+33
2511     9.625  7.88e+07  3.16e+31
2512     3.974    0.00      0.00
2513     1.324    0.00      0.00
2514     0.310  3.10e+06  3.93e+33
2515     2.849  6.44e+07  2.80e+30
2516     2.116  1.53e+09  2.33e+32
2517      0.00  3.54e+04  4.07e+35
2518     5.000  1.01e+06  8.63e+33
2519    10.900  3.98e+04  7.54e+35
2520     6.724  3.16e+07  6.06e+31
2521    11.157  3.18e+07  1.03e+32
2522     6.084  4.62e+07  1.57e+31
2523     4.072  6.95e+09  1.94e+32
2524     4.639  1.59e+06  5.94e+32
2525     2.515  2.58e+07  5.75e+30
2526     0.650  1.45e+10  3.43e+33
2527     3.112    0.00      0.00
2528    12.204  2.16e+04  9.08e+35
2529     7.713  1.07e+08  1.81e+31
2530     8.421  3.24e+07  5.13e+30
2531     3.700  9.47e+05  5.13e+33
2532     2.305    0.00      0.00
2533     4.850  2.74e+07  5.32e+31
2534     4.598  2.09e+04  4.66e+36
2535      0.00    0.00      0.00
2536     4.624  3.79e+06  1.76e+32
2537     4.864    0.00      0.00
2538     8.139    0.00      0.00
2539     3.510    0.00      0.00
2540     6.450  8.11e+06  9.34e+30
2541     3.259  4.75e+09  8.41e+33
2542     3.125  4.95e+06  3.13e+33
2543     7.477  7.54e+06  3.02e+31
2544     2.832  3.13e+06  1.59e+32
2545     2.544    0.00      0.00
2546     8.812  3.20e+06  4.14e+32
2547     6.301  5.56e+10  1.62e+33
2548     3.419  6.20e+04  3.66e+35
2549     3.380  1.81e+10  6.97e+31
2550     3.552    0.00      0.00
2551     3.500  2.35e+08  1.10e+36
2552     7.115  5.60e+05  2.68e+33
2553     5.292    0.00      0.00
2554     8.081  3.23e+05  2.89e+34
2555     8.468  1.13e+05  1.85e+34
2556     3.905    0.00      0.00
2557     6.306    0.00      0.00
2558     2.155  1.80e+07  7.36e+32
2559     7.971  1.44e+07  5.30e+31
2560     5.459  7.15e+06  2.80e+32
2561    11.168  2.27e+05  5.18e+32
2562     3.564  6.68e+06  5.77e+32
2563     6.514  1.16e+07  7.62e+31
2564    25.000    0.00      0.00
2565     4.915  1.09e+08  1.18e+31
2566     3.478  8.75e+07  1.73e+32
2567     3.269  1.52e+07  2.07e+32
2568     1.204  9.31e+06  7.11e+31
2569     6.774  9.17e+09  2.64e+33
2570     1.218  4.74e+09  4.91e+33
2571     1.282    0.00      0.00
2572     4.121  1.35e+07  6.54e+31
2573     4.877  4.33e+07  3.62e+30
2574     7.600  7.68e+09  6.22e+33
2575     3.164  3.10e+07  1.85e+31
2576     2.575    0.00      0.00
2577     3.771  1.99e+07  1.39e+30
2578     7.351  7.00e+07  7.83e+30
2579     4.465  3.92e+06  6.59e+32
2580     2.092    0.00      0.00
2581     0.300  2.90e+08  1.11e+31
2582     3.510  2.92e+08  7.45e+33
2583     5.951  2.38e+07  1.48e+31
2584     4.296    0.00      0.00
2585     8.305  1.45e+06  1.63e+33
2586     7.555  3.14e+05  1.05e+34
2587     3.125  1.02e+07  6.65e+31
2588     6.941  1.61e+10  3.86e+33
2589     1.147    0.00      0.00
2590     5.154  4.91e+07  5.81e+30
2591    10.851    0.00      0.00
2592     1.101    0.00      0.00
2593     6.767  4.78e+06  5.28e+33
2594     2.202    0.00      0.00
2595     1.625    0.00      0.00
2596     8.048  6.17e+05  3.63e+33
2597     8.698  3.45e+05  4.69e+34
2598     7.650  1.61e+06  7.55e+32
2599     8.106  1.70e+08  2.12e+30
2600     1.046  4.64e+06  1.47e+32
2601     7.468  2.22e+09  1.64e+33
2602    12.347  3.04e+07  1.36e+32
2603     3.939    0.00      0.00
2604     7.269  3.63e+09  9.31e+33
2605     1.513  2.66e+07  9.05e+29
2606     1.586  3.40e+07  2.43e+32
2607    10.033  7.69e+07  1.89e+34
2608     7.496    0.00      0.00
2609     3.000  1.07e+05  3.74e+36
2610    10.520  4.71e+06  1.83e+32
2611     6.000    0.00      0.00
2612     7.595  1.19e+07  2.95e+31
2613     2.968    0.00      0.00
2614     4.280  1.92e+07  7.40e+30
2615     4.176  2.90e+06  5.76e+33
2616     1.960  6.94e+04  1.05e+36
2617     0.536  3.95e+09  8.69e+29
2618     4.666  8.47e+05  5.93e+33
2619    10.092  9.98e+06  3.26e+31
2620     8.177  8.47e+09  3.11e+33
2621     6.305  3.27e+09  5.09e+33
2622     2.186  5.99e+06  3.88e+32
2623     5.304  1.08e+10  7.91e+32
2624     3.163    0.00      0.00
2625     3.538  2.19e+07  3.09e+32
2626     3.729    0.00      0.00
2627     1.789  1.90e+07  3.54e+31
2628     2.659  2.29e+09  1.74e+34
2629     6.891  1.57e+06  4.21e+33
2630     1.365  8.39e+05  5.31e+33
2631     1.950  2.17e+04  3.42e+35
2632     7.286    0.00      0.00
2633     4.342    0.00      0.00
2634     1.400  1.51e+09  1.60e+35
2635    10.888  1.79e+08  2.12e+31
2636     6.734    0.00      0.00
2637     3.757  6.58e+05  1.84e+33
2638     4.897  1.95e+07  4.20e+32
2639     7.088    0.00      0.00
2640     6.458  1.05e+05  1.23e+34
2641     6.391  8.25e+06  9.26e+31
2642     7.665  1.86e+08  7.58e+30
2643     8.000  4.49e+05  3.13e+32
2644    10.783  1.85e+04  5.84e+35
2645     1.835  1.41e+06  8.55e+31
2646    13.558  3.47e+07  4.76e+31
2647    14.652  1.63e+06  4.04e+33
2648     2.632  2.00e+08  9.27e+30
2649     9.140    0.00      0.00
2650     6.035  1.04e+05  2.24e+35
2651     3.040  3.77e+07  1.57e+32
2652     2.634  2.19e+07  1.36e+32
2653     3.806    0.00      0.00
2654     7.102  4.04e+08  2.58e+33
2655     6.906  6.18e+05  2.74e+33
2656     4.030  1.73e+06  1.04e+33
2657     7.303  1.55e+07  1.95e+31
2658     1.961  1.72e+10  1.34e+33
2659     6.585  9.87e+07  1.98e+31
2660     6.450  1.57e+10  1.72e+33
2661    13.034  6.32e+06  4.76e+31
2662     8.603  8.27e+06  8.72e+31
2663     2.809  1.57e+07  1.34e+32
2664     9.576  1.53e+07  1.21e+32
2665     6.641  2.88e+07  2.85e+32
2666     7.123  4.12e+05  2.86e+34
2667     0.877  7.16e+07  1.65e+30
2668     2.162  2.57e+09  5.78e+31
2669     1.399  5.74e+09  1.30e+34
2670     1.444  1.50e+10  7.80e+33
2671     4.205  8.55e+06  2.54e+32
2672      0.00  1.94e+06  1.16e+34
2673     3.907  2.89e+07  1.33e+32
2674     0.980  5.97e+07  3.37e+31
2675     6.636  3.34e+06  1.24e+33
2676     1.163  8.88e+09  4.55e+33
2677     1.800  1.72e+04  3.38e+36
2678     2.150  7.69e+04  1.16e+35
2679     6.002    0.00      0.00
2680     2.100  2.87e+06  1.85e+33
2681    10.000  8.94e+03  2.96e+37
2682     1.800  2.74e+06  8.16e+32
2683     2.058  2.35e+06  1.92e+33
2684     4.552    0.00      0.00
2685    10.295  3.11e+07  1.27e+32
2686     9.005  5.63e+07  9.19e+30
2687     0.761  9.18e+06  2.57e+32
2688      0.00  5.76e+05  3.48e+34
2689     5.771  1.56e+06  2.70e+32
2690     6.386  1.13e+07  1.39e+32
2691     6.947  4.88e+05  3.20e+34
2692     0.720  5.55e+05  2.19e+34
2693     3.445    0.00      0.00
2694     1.330  2.01e+05  1.52e+35
2695     2.934  8.20e+06  3.04e+30
2696     1.740  8.47e+09  2.09e+33
2697     1.525  4.46e+07  8.53e+30
2698     6.741  1.03e+07  3.29e+31
2699     3.230  8.46e+06  2.93e+32
2700     2.794  1.61e+07  9.02e+30
2701     4.851  2.18e+06  7.50e+32
2702     3.819    0.00      0.00
2703     3.588  6.00e+06  4.19e+31
2704     8.192  2.39e+07  1.29e+31
2705     4.450  2.31e+07  3.62e+31
2706     0.640  5.12e+09  5.94e+33
2707     1.562  7.19e+09  1.54e+34
2708     1.480  1.20e+06  5.64e+34
2709     3.924    0.00      0.00
2710     8.616    0.00      0.00
2711     8.952  3.50e+07  9.21e+30
2712     2.460  3.21e+07  1.25e+32
2713     5.629  8.53e+08  7.30e+32
2714     6.250  1.67e+07  1.57e+31
2715     3.226  9.89e+07  4.88e+30
2716     4.341  6.79e+05  4.05e+33
2717     2.790    0.00      0.00
2718     3.973  1.69e+06  1.86e+33
2719     0.950  2.84e+06  5.73e+31
2720     7.648  2.97e+08  2.62e+31
2721     5.829  3.84e+07  1.09e+31
2722     1.469  5.61e+09  5.48e+33
2723     4.077  4.61e+08  4.43e+30
2724     3.923    0.00      0.00
2725     2.087  6.60e+09  6.67e+30
2726     3.810  1.16e+09  3.41e+33
2727     1.029  2.74e+07  1.96e+32
2728     2.998  9.64e+06  9.77e+31
2729     0.620  1.24e+06  4.94e+33
2730     5.000  9.51e+06  1.34e+33
2731     4.588  3.31e+10  4.33e+33
2732    25.000    0.00      0.00
2733     4.620    0.00      0.00
2734    25.000    0.00      0.00
2735     2.801    0.00      0.00
2736     5.837    0.00      0.00
2737     2.723  7.00e+06  1.68e+31
2738     3.884  6.44e+06  4.80e+31
2739     4.346  7.62e+07  4.77e+31
2740     8.408  1.93e+07  2.07e+30
2741     5.279    0.00      0.00
2742      0.00  1.75e+04  1.44e+36
2743     1.429  7.27e+06  5.95e+31
2744     2.174  2.25e+07  2.70e+31
2745     2.894    0.00      0.00
2746     3.106  5.51e+08  1.68e+35
2747    25.000  2.41e+07  1.34e+32
2748     0.585  6.75e+07  3.16e+31
2749    13.192    0.00      0.00
2750     1.811  1.27e+10  2.56e+30
2751     2.807  1.43e+07  9.07e+31
2752     0.410  3.80e+09  6.77e+33
2753     5.992  2.28e+07  2.58e+32
2754     1.830    0.00      0.00
2755    14.200    0.00      0.00
2756    14.200  9.32e+07  2.13e+33
2757    14.200  9.70e+07  6.92e+33
2758    14.200    0.00      0.00
2759    14.200  4.14e+08  6.98e+34
2760    14.200  1.99e+09  1.93e+34
2761    14.200  2.98e+08  1.48e+33
2762    14.200  4.45e+09  3.09e+33
2763     3.200  2.83e+09  1.59e+34
2764     1.633  1.22e+09  3.42e+29
2765     3.764  8.08e+06  2.53e+31
2766     4.201    0.00      0.00
2767    25.000    0.00      0.00
2768     4.933  1.21e+07  4.41e+31
2769      0.00  2.51e+06  3.12e+33
2770     9.200    0.00      0.00
2771     9.200    0.00      0.00
2772      0.00  3.65e+06  1.93e+30
2773     0.160  2.72e+08  3.18e+28
2774     1.659  8.98e+09  2.74e+33
2775     0.613  8.54e+09  2.84e+32
2776     2.778  3.58e+07  1.21e+32
2777     3.610  5.21e+05  1.09e+34
2778     1.911  1.33e+07  1.34e+32
2779    25.000  3.47e+07  9.98e+30
2780    25.000  2.78e+07  8.68e+30
2781     1.298  1.32e+07  4.48e+31
2782     1.043  5.15e+06  6.44e+31
2783     6.103  5.56e+08  4.53e+30
2784     2.900  7.04e+06  3.82e+31
2785     1.298    0.00      0.00
2786     3.059    0.00      0.00
2787     3.196  1.03e+10  8.48e+30
2788     6.043  1.65e+07  4.31e+31
2789     4.026  1.29e+07  4.67e+32
2790     0.754  1.91e+06  8.07e+32
2791     3.030  2.12e+06  3.39e+32
2792    25.000    0.00      0.00
2793     3.809    0.00      0.00
2794    25.000  3.21e+07  1.93e+31
2795     3.809    0.00      0.00
2796     0.600  3.36e+09  1.92e+34
2797     3.142  2.50e+06  1.78e+33
2798     2.773  1.24e+09  7.41e+34
2799     3.588  9.62e+04  3.70e+34
2800     3.129  2.59e+07  2.16e+31
2801     2.387  3.09e+06  6.99e+32
2802     0.267  8.96e+09  6.48e+31
2803     7.631  7.23e+08  1.09e+31
2804     3.565    0.00      0.00
2805     4.978    0.00      0.00
2806     0.900  1.12e+06  1.20e+33
2807     1.359    0.00      0.00
2808     6.855  4.48e+07  3.90e+30
2809    25.000    0.00      0.00
2810     1.800  3.11e+10  2.27e+33
2811     3.000  1.05e+04  2.25e+37
2812     3.014  3.11e+06  1.02e+33
2813     0.971  4.72e+09  1.04e+34
2814     0.769  2.86e+09  1.66e+34
2815     4.472  9.70e+07  3.49e+30
2816     1.540  6.01e+09  2.91e+31
2817     2.053  1.14e+10  1.15e+33
2818     2.830  2.66e+04  8.89e+35
2819     3.625    0.00      0.00
2820     7.275  1.44e+05  2.21e+35
2821     0.963  5.22e+09  2.51e+34
2822     2.549  5.03e+06  1.70e+32
2823     2.008  5.47e+06  4.13e+31
2824    25.000  8.41e+07  2.09e+31
2825     2.627    0.00      0.00
2826     4.000  1.15e+07  2.39e+32
2827     1.344  1.47e+07  2.90e+29
2828     3.806  1.89e+08  5.28e+30
2829     2.083  3.20e+09  3.71e+34
2830     3.000  1.01e+06  4.55e+33
2831     3.300  2.35e+05  5.47e+31
2832     0.859  5.97e+09  3.89e+33
2833     3.166  9.37e+06  4.59e+31
2834     4.348  8.63e+06  2.92e+31
2835     3.159  2.97e+07  1.85e+31
2836    25.000    0.00      0.00
2837     0.494  9.76e+08  2.23e+30
2838     2.075  3.77e+07  7.35e+31
2839     1.556  8.35e+09  1.10e+34
2840     2.665  4.07e+08  4.06e+29
2841     2.436  2.05e+07  4.61e+31
2842     1.060  4.93e+07  1.04e+32
2843     2.391    0.00      0.00
2844     2.160  2.25e+10  2.35e+33
2845     1.961  2.19e+07  1.37e+31
2846     6.848  2.10e+07  6.39e+32
2847     2.700  5.08e+06  2.42e+31
2848     1.009  7.89e+09  3.43e+33
2849     0.227  9.41e+10  5.55e+32
2850    25.000  3.22e+07  1.37e+30
2851     1.207  1.44e+07  7.88e+30
2852     1.495  1.34e+07  6.19e+31
2853     4.855  8.05e+06  3.76e+31
2854     2.733  1.05e+07  1.09e+33
2855     1.655    0.00      0.00
2856     4.335    0.00      0.00
2857    25.000    0.00      0.00
2858     2.396  7.21e+08  1.63e+30
2859     0.861  5.62e+06  4.12e+31
2860     2.729  1.02e+07  1.07e+32
2861     2.393    0.00      0.00
2862     0.700  4.06e+04  6.28e+34
2863     1.100  3.24e+09  2.32e+34
2864     3.288    0.00      0.00
2865     2.623    0.00      0.00
2866     3.704  1.37e+07  3.26e+31
2867     5.233    0.00      0.00
2868     2.618  1.82e+07  3.36e+31
2869     3.046    0.00      0.00
2870     1.108    0.00      0.00
2871     2.439  9.20e+05  7.61e+32
2872     2.163  7.72e+06  2.39e+31