0.570 3.038e-06 
0.730 4.076e-06 
0.910 5.299e-06 
1.110 6.717e-06 
1.330 8.341e-06 
1.580 1.026e-05 
1.850 1.241e-05 
2.150 1.488e-05 
2.470 1.761e-05 
2.820 2.070e-05 
3.170 2.388e-05 
3.540 2.734e-05 
3.920 3.099e-05 
4.320 3.493e-05 
4.760 3.938e-05 
5.240 4.436e-05 
5.740 4.969e-05 
6.260 5.537e-05 
6.810 6.152e-05 
7.390 6.817e-05 
7.990 7.520e-05 
8.620 8.277e-05 
9.280 9.087e-05 
9.960 9.941e-05 
10.670 1.085e-04 
11.410 1.182e-04 
12.190 1.287e-04 
12.990 1.397e-04 
13.820 1.513e-04 
14.690 1.638e-04 
15.590 1.770e-04 
16.520 1.910e-04 
17.480 2.057e-04 
18.480 2.215e-04 
19.510 2.381e-04 
20.580 2.558e-04 
21.680 2.744e-04 
22.830 2.945e-04 
24.010 3.157e-04 
25.250 3.388e-04 
26.560 3.640e-04 
27.950 3.919e-04 
29.430 4.230e-04 
31.000 4.556e-04 
32.660 4.818e-04 
34.430 5.046e-04 
36.320 5.179e-04 
38.330 5.519e-04 
40.480 5.799e-04 
42.780 6.200e-04 
45.260 6.658e-04 
47.920 6.958e-04 
50.800 7.344e-04 
53.920 7.840e-04 
57.320 8.305e-04 
61.030 8.791e-04 
65.110 9.243e-04 
69.620 9.716e-04 
74.650 1.022e-03 
80.290 1.064e-03 
86.690 1.144e-03 
94.020 1.215e-03 
102.600 1.217e-03 
112.700 1.297e-03 
125.000 1.387e-03 
140.100 1.445e-03 
158.900 1.452e-03 
183.100 1.497e-03 
216.200 1.605e-03 
261.800 1.585e-03 
326.800 1.728e-03 
428.500 1.788e-03 
588.800 1.679e-03 
832.300 1.478e-03 
