0.570 2.918e-06 
0.730 3.543e-06 
0.910 4.214e-06 
1.110 4.931e-06 
1.330 5.691e-06 
1.580 6.528e-06 
1.850 7.405e-06 
2.150 8.354e-06 
2.470 9.341e-06 
2.820 1.040e-05 
3.170 1.143e-05 
3.540 1.251e-05 
3.920 1.359e-05 
4.320 1.471e-05 
4.760 1.593e-05 
5.240 1.724e-05 
5.740 1.858e-05 
6.260 1.995e-05 
6.810 2.139e-05 
7.390 2.288e-05 
7.990 2.441e-05 
8.620 2.599e-05 
9.280 2.763e-05 
9.960 2.930e-05 
10.670 3.102e-05 
11.410 3.280e-05 
12.190 3.464e-05 
12.990 3.652e-05 
13.820 3.844e-05 
14.690 4.044e-05 
15.590 4.248e-05 
16.520 4.457e-05 
17.480 4.670e-05 
18.480 4.889e-05 
19.510 5.113e-05 
20.580 5.342e-05 
21.680 5.575e-05 
22.830 5.815e-05 
24.010 6.059e-05 
25.250 6.311e-05 
26.560 6.572e-05 
27.950 6.842e-05 
29.430 7.118e-05 
31.000 7.379e-05 
32.660 7.593e-05 
34.430 7.784e-05 
36.320 7.966e-05 
38.330 8.234e-05 
40.480 8.489e-05 
42.780 8.790e-05 
45.260 9.094e-05 
47.920 9.310e-05 
50.800 9.578e-05 
53.920 9.884e-05 
57.320 1.015e-04 
61.030 1.041e-04 
65.110 1.063e-04 
69.620 1.087e-04 
74.650 1.108e-04 
80.290 1.127e-04 
86.690 1.158e-04 
94.020 1.174e-04 
102.600 1.166e-04 
112.700 1.189e-04 
125.000 1.203e-04 
140.100 1.196e-04 
158.900 1.162e-04 
183.100 1.148e-04 
216.200 1.142e-04 
261.800 1.084e-04 
326.800 1.078e-04 
428.500 9.888e-05 
588.800 8.515e-05 
832.300 6.558e-05 
