0.570 2.372e-06 
0.730 2.673e-06 
0.910 2.975e-06 
1.110 3.278e-06 
1.330 3.581e-06 
1.580 3.898e-06 
1.850 4.214e-06 
2.150 4.541e-06 
2.470 4.866e-06 
2.820 5.200e-06 
3.170 5.515e-06 
3.540 5.831e-06 
3.920 6.139e-06 
4.320 6.448e-06 
4.760 6.772e-06 
5.240 7.110e-06 
5.740 7.446e-06 
6.260 7.781e-06 
6.810 8.120e-06 
7.390 8.462e-06 
7.990 8.802e-06 
8.620 9.145e-06 
9.280 9.490e-06 
9.960 9.832e-06 
10.670 1.017e-05 
11.410 1.052e-05 
12.190 1.087e-05 
12.990 1.121e-05 
13.820 1.155e-05 
14.690 1.190e-05 
15.590 1.224e-05 
16.520 1.258e-05 
17.480 1.292e-05 
18.480 1.326e-05 
19.510 1.359e-05 
20.580 1.392e-05 
21.680 1.424e-05 
22.830 1.456e-05 
24.010 1.487e-05 
25.250 1.518e-05 
26.560 1.549e-05 
27.950 1.578e-05 
29.430 1.606e-05 
31.000 1.630e-05 
32.660 1.648e-05 
34.430 1.663e-05 
36.320 1.679e-05 
38.330 1.702e-05 
40.480 1.723e-05 
42.780 1.745e-05 
45.260 1.765e-05 
47.920 1.776e-05 
50.800 1.790e-05 
53.920 1.805e-05 
57.320 1.814e-05 
61.030 1.819e-05 
65.110 1.819e-05 
69.620 1.818e-05 
74.650 1.811e-05 
80.290 1.802e-05 
86.690 1.797e-05 
94.020 1.770e-05 
102.600 1.727e-05 
112.700 1.704e-05 
125.000 1.662e-05 
140.100 1.597e-05 
158.900 1.508e-05 
183.100 1.436e-05 
216.200 1.354e-05 
261.800 1.235e-05 
326.800 1.143e-05 
428.500 9.649e-06 
588.800 7.698e-06 
832.300 5.343e-06 
