0.570 2.568e-06 
0.730 2.967e-06 
0.910 3.377e-06 
1.110 3.795e-06 
1.330 4.223e-06 
1.580 4.678e-06 
1.850 5.139e-06 
2.150 5.623e-06 
2.470 6.112e-06 
2.820 6.621e-06 
3.170 7.106e-06 
3.540 7.599e-06 
3.920 8.085e-06 
4.320 8.578e-06 
4.760 9.101e-06 
5.240 9.652e-06 
5.740 1.021e-05 
6.260 1.076e-05 
6.810 1.133e-05 
7.390 1.191e-05 
7.990 1.250e-05 
8.620 1.309e-05 
9.280 1.369e-05 
9.960 1.430e-05 
10.670 1.491e-05 
11.410 1.553e-05 
12.190 1.616e-05 
12.990 1.679e-05 
13.820 1.743e-05 
14.690 1.808e-05 
15.590 1.873e-05 
16.520 1.938e-05 
17.480 2.003e-05 
18.480 2.069e-05 
19.510 2.135e-05 
20.580 2.201e-05 
21.680 2.267e-05 
22.830 2.333e-05 
24.010 2.399e-05 
25.250 2.464e-05 
26.560 2.531e-05 
27.950 2.597e-05 
29.430 2.661e-05 
31.000 2.719e-05 
32.660 2.764e-05 
34.430 2.804e-05 
36.320 2.846e-05 
38.330 2.903e-05 
40.480 2.957e-05 
42.780 3.018e-05 
45.260 3.074e-05 
47.920 3.111e-05 
50.800 3.158e-05 
53.920 3.208e-05 
57.320 3.247e-05 
61.030 3.280e-05 
65.110 3.303e-05 
69.620 3.326e-05 
74.650 3.339e-05 
80.290 3.347e-05 
86.690 3.371e-05 
94.020 3.350e-05 
102.600 3.291e-05 
112.700 3.284e-05 
125.000 3.240e-05 
140.100 3.150e-05 
158.900 3.004e-05 
183.100 2.896e-05 
216.200 2.780e-05 
261.800 2.571e-05 
326.800 2.438e-05 
428.500 2.114e-05 
588.800 1.732e-05 
832.300 1.245e-05 
