0.570 2.173e-06 
0.730 2.389e-06 
0.910 2.600e-06 
1.110 2.807e-06 
1.330 3.012e-06 
1.580 3.222e-06 
1.850 3.428e-06 
2.150 3.637e-06 
2.470 3.843e-06 
2.820 4.052e-06 
3.170 4.246e-06 
3.540 4.438e-06 
3.920 4.623e-06 
4.320 4.807e-06 
4.760 4.998e-06 
5.240 5.195e-06 
5.740 5.389e-06 
6.260 5.580e-06 
6.810 5.771e-06 
7.390 5.962e-06 
7.990 6.150e-06 
8.620 6.337e-06 
9.280 6.524e-06 
9.960 6.707e-06 
10.670 6.889e-06 
11.410 7.069e-06 
12.190 7.249e-06 
12.990 7.425e-06 
13.820 7.598e-06 
14.690 7.771e-06 
15.590 7.941e-06 
16.520 8.106e-06 
17.480 8.269e-06 
18.480 8.428e-06 
19.510 8.583e-06 
20.580 8.734e-06 
21.680 8.880e-06 
22.830 9.021e-06 
24.010 9.156e-06 
25.250 9.286e-06 
26.560 9.410e-06 
27.950 9.526e-06 
29.430 9.629e-06 
31.000 9.708e-06 
32.660 9.759e-06 
34.430 9.795e-06 
36.320 9.842e-06 
38.330 9.909e-06 
40.480 9.968e-06 
42.780 1.003e-05 
45.260 1.007e-05 
47.920 1.007e-05 
50.800 1.008e-05 
53.920 1.009e-05 
57.320 1.007e-05 
61.030 1.003e-05 
65.110 9.955e-06 
69.620 9.876e-06 
74.650 9.765e-06 
80.290 9.640e-06 
86.690 9.521e-06 
94.020 9.294e-06 
102.600 9.005e-06 
112.700 8.790e-06 
125.000 8.471e-06 
140.100 8.049e-06 
158.900 7.526e-06 
183.100 7.070e-06 
216.200 6.555e-06 
261.800 5.891e-06 
326.800 5.326e-06 
428.500 4.375e-06 
588.800 3.396e-06 
832.300 2.275e-06 
