# Data from SSDC cosmic rays database www.ssdc.asi.it 
# File generated today 20200813 
# Errors may contain statistic and systematic depending on the options set when drawing the graph 
# Fluxes are multiplied by a power of Energy (or Rigidity) if the option is set when drawing the graph 
# Horizontal errors usually are not uncertanties of the measurement but correspond to binning. See publication. 
#
# GraphTitle: He AMS-02 PRL (2017); 2011-05-19 00:00:00.0,2016-05-26 00:00:00.0; 
# XLabel: kinetic energy (GeV/n) 
# YLabel: flux ((m^{2} s sr GeV/n)^{-1}) 
#
# Columns: X, XErrorLow, XErrorHigh, Y, YErrorLow, YErrorHigh 
4.444000e-01  0.000000e+00 0.000000e+00  1.624100e+02  3.698500e+00 3.698500e+00 
5.347000e-01  0.000000e+00 0.000000e+00  1.444900e+02  2.302900e+00 2.302900e+00 
6.370000e-01  0.000000e+00 0.000000e+00  1.257000e+02  1.777400e+00 1.777400e+00 
7.534000e-01  0.000000e+00 0.000000e+00  1.095900e+02  1.479300e+00 1.479300e+00 
8.844000e-01  0.000000e+00 0.000000e+00  9.482900e+01  1.272700e+00 1.272700e+00 
1.030000e+00  0.000000e+00 0.000000e+00  8.110100e+01  1.103400e+00 1.103400e+00 
1.192000e+00  0.000000e+00 0.000000e+00  6.871600e+01  9.515700e-01 9.515700e-01 
1.371000e+00  0.000000e+00 0.000000e+00  5.778100e+01  8.111600e-01 8.111600e-01 
1.568000e+00  0.000000e+00 0.000000e+00  4.816400e+01  6.808400e-01 6.808400e-01 
1.787000e+00  0.000000e+00 0.000000e+00  3.982900e+01  5.629900e-01 5.629900e-01 
2.028000e+00  0.000000e+00 0.000000e+00  3.270900e+01  4.596300e-01 4.596300e-01 
2.290000e+00  0.000000e+00 0.000000e+00  2.679100e+01  3.727300e-01 3.727300e-01 
2.575000e+00  0.000000e+00 0.000000e+00  2.187000e+01  3.005400e-01 3.005400e-01 
2.887000e+00  0.000000e+00 0.000000e+00  1.781000e+01  2.416000e-01 2.416000e-01 
3.224000e+00  0.000000e+00 0.000000e+00  1.450900e+01  1.944900e-01 1.944900e-01 
3.590000e+00  0.000000e+00 0.000000e+00  1.179700e+01  1.565600e-01 1.565600e-01 
3.987000e+00  0.000000e+00 0.000000e+00  9.608700e+00  1.265900e-01 1.265900e-01 
4.414000e+00  0.000000e+00 0.000000e+00  7.805100e+00  1.023700e-01 1.023700e-01 
4.882000e+00  0.000000e+00 0.000000e+00  6.325000e+00  8.277300e-02 8.277300e-02 
5.376000e+00  0.000000e+00 0.000000e+00  5.157000e+00  6.746300e-02 6.746300e-02 
5.895000e+00  0.000000e+00 0.000000e+00  4.211800e+00  5.513500e-02 5.513500e-02 
6.465000e+00  0.000000e+00 0.000000e+00  3.430600e+00  4.497700e-02 4.497700e-02 
7.085000e+00  0.000000e+00 0.000000e+00  2.791000e+00  3.667100e-02 3.667100e-02 
7.755000e+00  0.000000e+00 0.000000e+00  2.262900e+00  2.981100e-02 2.981100e-02 
8.476000e+00  0.000000e+00 0.000000e+00  1.839300e+00  2.430400e-02 2.430400e-02 
9.247000e+00  0.000000e+00 0.000000e+00  1.490800e+00  1.976400e-02 1.976400e-02 
1.007000e+01  0.000000e+00 0.000000e+00  1.213900e+00  1.614700e-02 1.614700e-02 
1.096000e+01  0.000000e+00 0.000000e+00  9.879900e-01  1.318700e-02 1.318700e-02 
1.194000e+01  0.000000e+00 0.000000e+00  8.013700e-01  1.073600e-02 1.073600e-02 
1.296000e+01  0.000000e+00 0.000000e+00  6.540900e-01  8.796300e-03 8.796300e-03 
1.405000e+01  0.000000e+00 0.000000e+00  5.335300e-01  7.202700e-03 7.202700e-03 
1.523000e+01  0.000000e+00 0.000000e+00  4.354400e-01  5.902600e-03 5.902600e-03 
1.647000e+01  0.000000e+00 0.000000e+00  3.565900e-01  4.853100e-03 4.853100e-03 
1.782000e+01  0.000000e+00 0.000000e+00  2.917000e-01  3.986200e-03 3.986200e-03 
1.927000e+01  0.000000e+00 0.000000e+00  2.380700e-01  3.266800e-03 3.266800e-03 
2.082000e+01  0.000000e+00 0.000000e+00  1.948300e-01  2.684500e-03 2.684500e-03 
2.246000e+01  0.000000e+00 0.000000e+00  1.603300e-01  2.218000e-03 2.218000e-03 
2.424000e+01  0.000000e+00 0.000000e+00  1.308200e-01  1.816900e-03 1.816900e-03 
2.614000e+01  0.000000e+00 0.000000e+00  1.076700e-01  1.501300e-03 1.501300e-03 
2.816000e+01  0.000000e+00 0.000000e+00  8.849600e-02  1.238600e-03 1.238600e-03 
3.033000e+01  0.000000e+00 0.000000e+00  7.269700e-02  1.021300e-03 1.021300e-03 
3.268000e+01  0.000000e+00 0.000000e+00  5.975200e-02  8.425100e-04 8.425100e-04 
3.520000e+01  0.000000e+00 0.000000e+00  4.917000e-02  6.960200e-04 6.960200e-04 
3.790000e+01  0.000000e+00 0.000000e+00  4.041200e-02  5.742400e-04 5.742400e-04 
4.079000e+01  0.000000e+00 0.000000e+00  3.312300e-02  4.726000e-04 4.726000e-04 
4.392000e+01  0.000000e+00 0.000000e+00  2.725300e-02  3.904800e-04 3.904800e-04 
4.729000e+01  0.000000e+00 0.000000e+00  2.250400e-02  3.239700e-04 3.239700e-04 
5.103000e+01  0.000000e+00 0.000000e+00  1.834100e-02  2.652800e-04 2.652800e-04 
5.503000e+01  0.000000e+00 0.000000e+00  1.494200e-02  2.179100e-04 2.179100e-04 
5.928000e+01  0.000000e+00 0.000000e+00  1.218600e-02  1.789900e-04 1.789900e-04 
6.402000e+01  0.000000e+00 0.000000e+00  9.914800e-03  1.469600e-04 1.469600e-04 
6.950000e+01  0.000000e+00 0.000000e+00  7.922500e-03  1.185800e-04 1.185800e-04 
7.575000e+01  0.000000e+00 0.000000e+00  6.291800e-03  9.558800e-05 9.558800e-05 
8.273000e+01  0.000000e+00 0.000000e+00  4.978900e-03  7.684100e-05 7.684100e-05 
9.072000e+01  0.000000e+00 0.000000e+00  3.858300e-03  6.073400e-05 6.073400e-05 
9.970000e+01  0.000000e+00 0.000000e+00  3.009000e-03  4.846800e-05 4.846800e-05 
1.099000e+02  0.000000e+00 0.000000e+00  2.292000e-03  3.790400e-05 3.790400e-05 
1.219000e+02  0.000000e+00 0.000000e+00  1.744200e-03  2.973300e-05 2.973300e-05 
1.363000e+02  0.000000e+00 0.000000e+00  1.290600e-03  2.281400e-05 2.281400e-05 
1.540000e+02  0.000000e+00 0.000000e+00  9.345800e-04  1.729900e-05 1.729900e-05 
1.759000e+02  0.000000e+00 0.000000e+00  6.598000e-04  1.291400e-05 1.291400e-05 
2.035000e+02  0.000000e+00 0.000000e+00  4.442500e-04  9.319400e-06 9.319400e-06 
2.396000e+02  0.000000e+00 0.000000e+00  2.890000e-04  6.593000e-06 6.593000e-06 
2.896000e+02  0.000000e+00 0.000000e+00  1.778000e-04  4.521300e-06 4.521300e-06 
3.626000e+02  0.000000e+00 0.000000e+00  9.711300e-05  2.851300e-06 2.851300e-06 
4.809000e+02  0.000000e+00 0.000000e+00  4.736700e-05  1.698400e-06 1.698400e-06 
7.121000e+02  0.000000e+00 0.000000e+00  1.708400e-05  8.506300e-07 8.506300e-07 
1.161000e+03  0.000000e+00 0.000000e+00  4.926100e-06  3.944400e-07 3.944400e-07 
