5.700000e-01 0.0000035124 0.0000569856 0.0000604981 
7.300000e-01 0.0000046661 0.0001093548 0.0001140209 
9.100000e-01 0.0000060140 0.0001828670 0.0001888809 
1.110000e+00 0.0000075651 0.0002747261 0.0002822912 
1.330000e+00 0.0000093295 0.0003794464 0.0003887759 
1.580000e+00 0.0000114009 0.0004945468 0.0005059477 
1.850000e+00 0.0000137064 0.0006081637 0.0006218701 
2.150000e+00 0.0000163475 0.0007188146 0.0007351621 
2.470000e+00 0.0000192458 0.0008187907 0.0008380365 
2.820000e+00 0.0000225111 0.0009084744 0.0009309855 
3.170000e+00 0.0000258569 0.0009807235 0.0010065804 
3.540000e+00 0.0000294828 0.0010412933 0.0010707761 
3.920000e+00 0.0000332947 0.0010899776 0.0011232723 
4.320000e+00 0.0000373980 0.0011278800 0.0011652781 
4.760000e+00 0.0000420176 0.0011578940 0.0011999116 
5.240000e+00 0.0000471673 0.0011806866 0.0012278538 
5.740000e+00 0.0000526592 0.0011959939 0.0012486531 
6.260000e+00 0.0000584933 0.0012051601 0.0012636534 
6.810000e+00 0.0000647934 0.0012092309 0.0012740244 
7.390000e+00 0.0000715850 0.0012076998 0.0012792848 
7.990000e+00 0.0000787441 0.0012023289 0.0012810730 
8.620000e+00 0.0000864315 0.0011942194 0.0012806509 
9.280000e+00 0.0000946401 0.0011838176 0.0012784577 
9.960000e+00 0.0001032671 0.0011708897 0.0012741567 
1.067000e+01 0.0001124337 0.0011567321 0.0012691658 
1.141000e+01 0.0001221908 0.0011414288 0.0012636196 
1.219000e+01 0.0001327064 0.0011248599 0.0012575664 
1.299000e+01 0.0001437135 0.0011079189 0.0012516324 
1.382000e+01 0.0001552818 0.0010903901 0.0012456720 
1.469000e+01 0.0001677453 0.0010724783 0.0012402236 
1.559000e+01 0.0001808308 0.0010541863 0.0012350171 
1.652000e+01 0.0001946973 0.0010357943 0.0012304916 
1.748000e+01 0.0002092303 0.0010175745 0.0012268048 
1.848000e+01 0.0002247535 0.0009991607 0.0012239142 
1.951000e+01 0.0002411022 0.0009814518 0.0012225540 
2.058000e+01 0.0002584410 0.0009633416 0.0012217826 
2.168000e+01 0.0002766306 0.0009463653 0.0012229958 
2.283000e+01 0.0002962230 0.0009288438 0.0012250668 
2.401000e+01 0.0003168503 0.0009123753 0.0012292256 
2.525000e+01 0.0003392040 0.0008954424 0.0012346464 
2.656000e+01 0.0003635575 0.0008789825 0.0012425400 
2.795000e+01 0.0003903294 0.0008620991 0.0012524284 
2.943000e+01 0.0004200020 0.0008454692 0.0012654712 
3.100000e+01 0.0004508993 0.0008286929 0.0012795922 
3.266000e+01 0.0004757722 0.0008120593 0.0012878315 
3.443000e+01 0.0004974710 0.0007955381 0.0012930092 
3.632000e+01 0.0005108491 0.0007786990 0.0012895481 
3.833000e+01 0.0005430796 0.0007624750 0.0013055546 
4.048000e+01 0.0005700103 0.0007456320 0.0013156423 
4.278000e+01 0.0006079668 0.0007295782 0.0013375450 
4.526000e+01 0.0006508802 0.0007129885 0.0013638686 
4.792000e+01 0.0006792952 0.0006966010 0.0013758962 
5.080000e+01 0.0007157597 0.0006803129 0.0013960725 
5.392000e+01 0.0007621706 0.0006635333 0.0014257039 
5.732000e+01 0.0008055723 0.0006472420 0.0014528142 
6.103000e+01 0.0008507063 0.0006306489 0.0014813552 
6.511000e+01 0.0008926662 0.0006135995 0.0015062657 
6.962000e+01 0.0009365814 0.0005968771 0.0015334585 
7.465000e+01 0.0009830602 0.0005797404 0.0015628006 
8.029000e+01 0.0010220748 0.0005621306 0.0015842054 
8.669000e+01 0.0010953974 0.0005440229 0.0016394203 
9.402000e+01 0.0011591436 0.0005255600 0.0016847036 
1.026000e+02 0.0011612073 0.0005064098 0.0016676171 
1.127000e+02 0.0012339059 0.0004864537 0.0017203596 
1.250000e+02 0.0013143828 0.0004651081 0.0017794909 
1.401000e+02 0.0013652277 0.0004428693 0.0018080970 
1.589000e+02 0.0013689523 0.0004193426 0.0017882949 
1.831000e+02 0.0014077424 0.0003937975 0.0018015399 
2.162000e+02 0.0015019350 0.0003659050 0.0018678400 
2.618000e+02 0.0014801841 0.0003358518 0.0018160359 
3.268000e+02 0.0016045418 0.0003038830 0.0019084248 
4.285000e+02 0.0016475572 0.0002683739 0.0019159311 
5.888000e+02 0.0015398327 0.0002314968 0.0017713295 
8.323000e+02 0.0013450221 0.0001962892 0.0015413113 
