0.570 3.122e-06 
0.730 3.984e-06 
0.910 4.955e-06 
1.110 6.034e-06 
1.330 7.224e-06 
1.580 8.580e-06 
1.850 1.005e-05 
2.150 1.169e-05 
2.470 1.345e-05 
2.820 1.538e-05 
3.170 1.732e-05 
3.540 1.938e-05 
3.920 2.151e-05 
4.320 2.377e-05 
4.760 2.626e-05 
5.240 2.899e-05 
5.740 3.185e-05 
6.260 3.485e-05 
6.810 3.803e-05 
7.390 4.141e-05 
7.990 4.492e-05 
8.620 4.862e-05 
9.280 5.253e-05 
9.960 5.657e-05 
10.670 6.082e-05 
11.410 6.527e-05 
12.190 6.999e-05 
12.990 7.486e-05 
13.820 7.994e-05 
14.690 8.530e-05 
15.590 9.087e-05 
16.520 9.667e-05 
17.480 1.027e-04 
18.480 1.090e-04 
19.510 1.155e-04 
20.580 1.224e-04 
21.680 1.295e-04 
22.830 1.370e-04 
24.010 1.447e-04 
25.250 1.529e-04 
26.560 1.616e-04 
27.950 1.710e-04 
29.430 1.809e-04 
31.000 1.908e-04 
32.660 1.989e-04 
34.430 2.060e-04 
36.320 2.118e-04 
38.330 2.221e-04 
40.480 2.314e-04 
42.780 2.434e-04 
45.260 2.562e-04 
47.920 2.651e-04 
50.800 2.764e-04 
53.920 2.899e-04 
57.320 3.024e-04 
61.030 3.148e-04 
65.110 3.263e-04 
69.620 3.383e-04 
74.650 3.503e-04 
80.290 3.608e-04 
86.690 3.791e-04 
94.020 3.925e-04 
102.600 3.927e-04 
112.700 4.094e-04 
125.000 4.254e-04 
140.100 4.330e-04 
158.900 4.281e-04 
183.100 4.325e-04 
216.200 4.464e-04 
261.800 4.332e-04 
326.800 4.512e-04 
428.500 4.389e-04 
588.800 3.957e-04 
832.300 3.261e-04 
