0.570 3.046e-06 
0.730 3.792e-06 
0.910 4.612e-06 
1.110 5.505e-06 
1.330 6.471e-06 
1.580 7.553e-06 
1.850 8.707e-06 
2.150 9.974e-06 
2.470 1.131e-05 
2.820 1.276e-05 
3.170 1.420e-05 
3.540 1.571e-05 
3.920 1.726e-05 
4.320 1.887e-05 
4.760 2.064e-05 
5.240 2.256e-05 
5.740 2.455e-05 
6.260 2.661e-05 
6.810 2.878e-05 
7.390 3.107e-05 
7.990 3.342e-05 
8.620 3.588e-05 
9.280 3.845e-05 
9.960 4.109e-05 
10.670 4.384e-05 
11.410 4.669e-05 
12.190 4.970e-05 
12.990 5.277e-05 
13.820 5.595e-05 
14.690 5.927e-05 
15.590 6.270e-05 
16.520 6.623e-05 
17.480 6.988e-05 
18.480 7.366e-05 
19.510 7.755e-05 
20.580 8.159e-05 
21.680 8.572e-05 
22.830 9.004e-05 
24.010 9.445e-05 
25.250 9.908e-05 
26.560 1.039e-04 
27.950 1.091e-04 
29.430 1.144e-04 
31.000 1.196e-04 
32.660 1.238e-04 
34.430 1.276e-04 
36.320 1.309e-04 
38.330 1.363e-04 
40.480 1.413e-04 
42.780 1.474e-04 
45.260 1.538e-04 
47.920 1.583e-04 
50.800 1.640e-04 
53.920 1.706e-04 
57.320 1.766e-04 
61.030 1.824e-04 
65.110 1.877e-04 
69.620 1.932e-04 
74.650 1.985e-04 
80.290 2.032e-04 
86.690 2.112e-04 
94.020 2.162e-04 
102.600 2.157e-04 
112.700 2.224e-04 
125.000 2.279e-04 
140.100 2.294e-04 
158.900 2.248e-04 
183.100 2.247e-04 
216.200 2.276e-04 
261.800 2.185e-04 
326.800 2.224e-04 
428.500 2.101e-04 
588.800 1.852e-04 
832.300 1.476e-04 
