0.570 2.754e-06 
0.730 3.262e-06 
0.910 3.795e-06 
1.110 4.352e-06 
1.330 4.932e-06 
1.580 5.559e-06 
1.850 6.206e-06 
2.150 6.895e-06 
2.470 7.601e-06 
2.820 8.346e-06 
3.170 9.067e-06 
3.540 9.806e-06 
3.920 1.054e-05 
4.320 1.130e-05 
4.760 1.211e-05 
5.240 1.298e-05 
5.740 1.385e-05 
6.260 1.474e-05 
6.810 1.566e-05 
7.390 1.661e-05 
7.990 1.757e-05 
8.620 1.856e-05 
9.280 1.957e-05 
9.960 2.059e-05 
10.670 2.163e-05 
11.410 2.270e-05 
12.190 2.380e-05 
12.990 2.491e-05 
13.820 2.604e-05 
14.690 2.720e-05 
15.590 2.837e-05 
16.520 2.956e-05 
17.480 3.076e-05 
18.480 3.199e-05 
19.510 3.323e-05 
20.580 3.449e-05 
21.680 3.575e-05 
22.830 3.704e-05 
24.010 3.833e-05 
25.250 3.965e-05 
26.560 4.100e-05 
27.950 4.237e-05 
29.430 4.374e-05 
31.000 4.500e-05 
32.660 4.603e-05 
34.430 4.694e-05 
36.320 4.786e-05 
38.330 4.913e-05 
40.480 5.035e-05 
42.780 5.176e-05 
45.260 5.313e-05 
47.920 5.408e-05 
50.800 5.526e-05 
53.920 5.658e-05 
57.320 5.769e-05 
61.030 5.870e-05 
65.110 5.954e-05 
69.620 6.040e-05 
74.650 6.111e-05 
80.290 6.170e-05 
86.690 6.278e-05 
94.020 6.298e-05 
102.600 6.224e-05 
112.700 6.279e-05 
125.000 6.272e-05 
140.100 6.167e-05 
158.900 5.937e-05 
183.100 5.796e-05 
216.200 5.663e-05 
261.800 5.308e-05 
326.800 5.153e-05 
428.500 4.596e-05 
588.800 3.862e-05 
832.300 2.874e-05 
