0.570 3.126e-06 
0.730 4.090e-06 
0.910 5.200e-06 
1.110 6.461e-06 
1.330 7.878e-06 
1.580 9.522e-06 
1.850 1.133e-05 
2.150 1.339e-05 
2.470 1.562e-05 
2.820 1.811e-05 
3.170 2.064e-05 
3.540 2.336e-05 
3.920 2.620e-05 
4.320 2.924e-05 
4.760 3.264e-05 
5.240 3.640e-05 
5.740 4.038e-05 
6.260 4.458e-05 
6.810 4.909e-05 
7.390 5.392e-05 
7.990 5.898e-05 
8.620 6.438e-05 
9.280 7.012e-05 
9.960 7.611e-05 
10.670 8.245e-05 
11.410 8.916e-05 
12.190 9.632e-05 
12.990 1.038e-04 
13.820 1.116e-04 
14.690 1.200e-04 
15.590 1.287e-04 
16.520 1.379e-04 
17.480 1.475e-04 
18.480 1.576e-04 
19.510 1.683e-04 
20.580 1.795e-04 
21.680 1.912e-04 
22.830 2.037e-04 
24.010 2.168e-04 
25.250 2.308e-04 
26.560 2.460e-04 
27.950 2.624e-04 
29.430 2.803e-04 
31.000 2.986e-04 
32.660 3.134e-04 
34.430 3.264e-04 
36.320 3.356e-04 
38.330 3.547e-04 
40.480 3.713e-04 
42.780 3.937e-04 
45.260 4.183e-04 
47.920 4.351e-04 
50.800 4.565e-04 
53.920 4.830e-04 
57.320 5.076e-04 
61.030 5.328e-04 
65.110 5.562e-04 
69.620 5.807e-04 
74.650 6.061e-04 
80.290 6.279e-04 
86.690 6.672e-04 
94.020 6.991e-04 
102.600 7.006e-04 
112.700 7.385e-04 
125.000 7.782e-04 
140.100 8.015e-04 
158.900 7.989e-04 
183.100 8.155e-04 
216.200 8.578e-04 
261.800 8.403e-04 
326.800 8.955e-04 
428.500 8.981e-04 
588.800 8.270e-04 
832.300 7.045e-04 
