0.570 1.977e-06 
0.730 2.120e-06 
0.910 2.256e-06 
1.110 2.388e-06 
1.330 2.516e-06 
1.580 2.644e-06 
1.850 2.769e-06 
2.150 2.893e-06 
2.470 3.014e-06 
2.820 3.135e-06 
3.170 3.246e-06 
3.540 3.354e-06 
3.920 3.458e-06 
4.320 3.559e-06 
4.760 3.664e-06 
5.240 3.770e-06 
5.740 3.873e-06 
6.260 3.974e-06 
6.810 4.073e-06 
7.390 4.172e-06 
7.990 4.268e-06 
8.620 4.362e-06 
9.280 4.454e-06 
9.960 4.544e-06 
10.670 4.632e-06 
11.410 4.718e-06 
12.190 4.803e-06 
12.990 4.885e-06 
13.820 4.964e-06 
14.690 5.041e-06 
15.590 5.116e-06 
16.520 5.188e-06 
17.480 5.257e-06 
18.480 5.323e-06 
19.510 5.386e-06 
20.580 5.446e-06 
21.680 5.502e-06 
22.830 5.554e-06 
24.010 5.602e-06 
25.250 5.645e-06 
26.560 5.684e-06 
27.950 5.717e-06 
29.430 5.742e-06 
31.000 5.753e-06 
32.660 5.750e-06 
34.430 5.740e-06 
36.320 5.736e-06 
38.330 5.739e-06 
40.480 5.737e-06 
42.780 5.733e-06 
45.260 5.718e-06 
47.920 5.682e-06 
50.800 5.651e-06 
53.920 5.616e-06 
57.320 5.564e-06 
61.030 5.500e-06 
65.110 5.422e-06 
69.620 5.338e-06 
74.650 5.239e-06 
80.290 5.131e-06 
86.690 5.021e-06 
94.020 4.858e-06 
102.600 4.672e-06 
112.700 4.511e-06 
125.000 4.298e-06 
140.100 4.038e-06 
158.900 3.737e-06 
183.100 3.464e-06 
216.200 3.157e-06 
261.800 2.794e-06 
326.800 2.467e-06 
428.500 1.973e-06 
588.800 1.489e-06 
832.300 9.628e-07 
