-29.000 4.498e+01 
-28.847 4.498e+01 
-28.695 4.498e+01 
-28.542 4.498e+01 
-28.390 4.498e+01 
-28.237 4.498e+01 
-28.085 4.498e+01 
-27.932 4.498e+01 
-27.780 4.498e+01 
-27.627 4.498e+01 
-27.475 4.498e+01 
-27.322 4.498e+01 
-27.169 4.498e+01 
-27.017 4.498e+01 
-26.864 4.498e+01 
-26.712 4.498e+01 
-26.559 4.497e+01 
-26.407 4.497e+01 
-26.254 4.497e+01 
-26.102 4.497e+01 
-25.949 4.497e+01 
-25.797 4.497e+01 
-25.644 4.497e+01 
-25.492 4.496e+01 
-25.339 4.496e+01 
-25.186 4.495e+01 
-25.034 4.494e+01 
-24.881 4.492e+01 
-24.729 4.490e+01 
-24.576 4.486e+01 
-24.424 4.482e+01 
-24.271 4.475e+01 
-24.119 4.465e+01 
-23.966 4.452e+01 
-23.814 4.433e+01 
-23.661 4.406e+01 
-23.508 4.368e+01 
-23.356 4.316e+01 
-23.203 4.243e+01 
-23.051 4.143e+01 
-22.898 4.066e+01 
-22.746 4.242e+01 
-22.593 5.078e+01 
-22.441 7.446e+01 
-22.288 1.319e+02 
-22.136 2.618e+02 
-21.983 5.433e+02 
-21.831 1.253e+03 
-21.678 1.085e+04 
-21.525 6.859e+04 
-21.373 2.420e+05 
-21.220 6.727e+05 
-21.068 1.657e+06 
-20.915 3.807e+06 
-20.763 8.380e+06 
-20.610 1.794e+07 
-20.458 3.771e+07 
-20.305 7.827e+07 
-20.153 1.611e+08 
-20.000 3.297e+08 
