-29.000 4.498e+01 
-28.847 4.498e+01 
-28.695 4.498e+01 
-28.542 4.498e+01 
-28.390 4.498e+01 
-28.237 4.498e+01 
-28.085 4.498e+01 
-27.932 4.498e+01 
-27.780 4.498e+01 
-27.627 4.498e+01 
-27.475 4.498e+01 
-27.322 4.498e+01 
-27.169 4.498e+01 
-27.017 4.498e+01 
-26.864 4.498e+01 
-26.712 4.499e+01 
-26.559 4.499e+01 
-26.407 4.500e+01 
-26.254 4.500e+01 
-26.102 4.502e+01 
-25.949 4.503e+01 
-25.797 4.506e+01 
-25.644 4.509e+01 
-25.492 4.514e+01 
-25.339 4.522e+01 
-25.186 4.532e+01 
-25.034 4.547e+01 
-24.881 4.568e+01 
-24.729 4.600e+01 
-24.576 4.646e+01 
-24.424 4.715e+01 
-24.271 4.820e+01 
-24.119 4.919e+01 
-23.966 5.090e+01 
-23.814 5.372e+01 
-23.661 2.351e+02 
-23.508 3.875e+02 
-23.356 6.801e+02 
-23.203 1.447e+03 
-23.051 9.973e+03 
-22.898 4.112e+04 
-22.746 1.239e+05 
-22.593 3.265e+05 
-22.441 8.048e+05 
-22.288 1.869e+06 
-22.136 4.157e+06 
-21.983 8.975e+06 
-21.831 1.898e+07 
-21.678 3.959e+07 
-21.525 8.176e+07 
-21.373 1.677e+08 
-21.220 3.424e+08 
-21.068 6.966e+08 
-20.915 1.414e+09 
-20.763 2.866e+09 
-20.610 5.801e+09 
-20.458 1.173e+10 
-20.305 2.372e+10 
-20.153 4.792e+10 
-20.000 9.681e+10 
