-29.000 4.498e+01 
-28.690 4.498e+01 
-28.379 4.498e+01 
-28.069 4.498e+01 
-27.759 4.498e+01 
-27.448 4.499e+01 
-27.138 4.500e+01 
-26.828 4.503e+01 
-26.517 4.510e+01 
-26.207 4.522e+01 
-25.897 4.548e+01 
-25.586 4.602e+01 
-25.276 4.715e+01 
-24.966 4.965e+01 
-24.655 5.546e+01 
-24.345 7.031e+01 
-24.034 1.105e+02 
-23.724 2.350e+02 
-23.414 6.305e+02 
-23.103 4.508e+03 
-22.793 1.762e+04 
-22.483 8.919e+04 
-22.172 4.869e+05 
-21.862 2.354e+06 
-21.552 1.068e+07 
-21.241 4.662e+07 
-20.931 1.991e+08 
-20.621 8.406e+08 
-20.310 3.529e+09 
-20.000 1.478e+10 
