-29.000 4.498e+01 
-28.690 4.498e+01 
-28.379 4.498e+01 
-28.069 4.498e+01 
-27.759 4.498e+01 
-27.448 4.498e+01 
-27.138 4.498e+01 
-26.828 4.498e+01 
-26.517 4.498e+01 
-26.207 4.498e+01 
-25.897 4.498e+01 
-25.586 4.498e+01 
-25.276 4.498e+01 
-24.966 4.498e+01 
-24.655 4.498e+01 
-24.345 4.498e+01 
-24.034 4.498e+01 
-23.724 4.498e+01 
-23.414 4.498e+01 
-23.103 4.498e+01 
-22.793 4.498e+01 
-22.483 4.498e+01 
-22.172 4.498e+01 
-21.862 4.498e+01 
-21.552 4.498e+01 
-21.241 4.498e+01 
-20.931 4.498e+01 
-20.621 4.498e+01 
-20.310 4.498e+01 
-20.000 4.498e+01 
