-29.000 4.498e+01 
-28.690 4.498e+01 
-28.379 4.498e+01 
-28.069 4.498e+01 
-27.759 4.498e+01 
-27.448 4.498e+01 
-27.138 4.497e+01 
-26.828 4.497e+01 
-26.517 4.497e+01 
-26.207 4.497e+01 
-25.897 4.496e+01 
-25.586 4.493e+01 
-25.276 4.489e+01 
-24.966 4.480e+01 
-24.655 4.463e+01 
-24.345 4.429e+01 
-24.034 4.367e+01 
-23.724 4.243e+01 
-23.414 1.311e+02 
-23.103 1.388e+03 
-22.793 5.566e+04 
-22.483 4.697e+05 
-22.172 2.734e+06 
-21.862 1.328e+07 
-21.552 5.955e+07 
-21.241 2.573e+08 
-20.931 1.092e+09 
-20.621 4.598e+09 
-20.310 1.927e+10 
-20.000 8.062e+10 
