-29.000 4.498e+01 
-28.847 4.498e+01 
-28.695 4.498e+01 
-28.542 4.498e+01 
-28.390 4.498e+01 
-28.237 4.498e+01 
-28.085 4.498e+01 
-27.932 4.498e+01 
-27.780 4.498e+01 
-27.627 4.498e+01 
-27.475 4.498e+01 
-27.322 4.498e+01 
-27.169 4.497e+01 
-27.017 4.497e+01 
-26.864 4.497e+01 
-26.712 4.497e+01 
-26.559 4.497e+01 
-26.407 4.497e+01 
-26.254 4.497e+01 
-26.102 4.496e+01 
-25.949 4.496e+01 
-25.797 4.495e+01 
-25.644 4.494e+01 
-25.492 4.492e+01 
-25.339 4.490e+01 
-25.186 4.486e+01 
-25.034 4.481e+01 
-24.881 4.475e+01 
-24.729 4.465e+01 
-24.576 4.451e+01 
-24.424 4.432e+01 
-24.271 4.405e+01 
-24.119 4.367e+01 
-23.966 4.314e+01 
-23.814 4.241e+01 
-23.661 4.141e+01 
-23.508 4.007e+01 
-23.356 3.858e+01 
-23.203 3.894e+01 
-23.051 4.476e+01 
-22.898 6.376e+01 
-22.746 1.124e+02 
-22.593 2.252e+02 
-22.441 4.738e+02 
-22.288 1.067e+03 
-22.136 1.139e+04 
-21.983 7.001e+04 
-21.831 2.453e+05 
-21.678 6.803e+05 
-21.525 1.673e+06 
-21.373 3.841e+06 
-21.220 8.451e+06 
-21.068 1.809e+07 
-20.915 3.800e+07 
-20.763 7.888e+07 
-20.610 1.624e+08 
-20.458 3.322e+08 
-20.305 6.770e+08 
-20.153 1.376e+09 
-20.000 2.790e+09 
