-29.000 4.498e+01 
-28.847 4.498e+01 
-28.695 4.498e+01 
-28.542 4.498e+01 
-28.390 4.498e+01 
-28.237 4.498e+01 
-28.085 4.498e+01 
-27.932 4.498e+01 
-27.780 4.498e+01 
-27.627 4.498e+01 
-27.475 4.498e+01 
-27.322 4.498e+01 
-27.169 4.498e+01 
-27.017 4.498e+01 
-26.864 4.498e+01 
-26.712 4.497e+01 
-26.559 4.497e+01 
-26.407 4.497e+01 
-26.254 4.497e+01 
-26.102 4.497e+01 
-25.949 4.497e+01 
-25.797 4.497e+01 
-25.644 4.496e+01 
-25.492 4.495e+01 
-25.339 4.495e+01 
-25.186 4.493e+01 
-25.034 4.492e+01 
-24.881 4.489e+01 
-24.729 4.486e+01 
-24.576 4.481e+01 
-24.424 4.475e+01 
-24.271 4.466e+01 
-24.119 4.455e+01 
-23.966 4.441e+01 
-23.814 4.426e+01 
-23.661 4.413e+01 
-23.508 7.485e+01 
-23.356 9.239e+01 
-23.203 1.246e+02 
-23.051 1.594e+03 
-22.898 1.484e+04 
-22.746 5.753e+04 
-22.593 1.799e+05 
-22.441 4.908e+05 
-22.288 1.210e+06 
-22.136 2.790e+06 
-21.983 6.163e+06 
-21.831 1.323e+07 
-21.678 2.788e+07 
-21.525 5.797e+07 
-21.373 1.195e+08 
-21.220 2.447e+08 
-21.068 4.990e+08 
-20.915 1.014e+09 
-20.763 2.058e+09 
-20.610 4.169e+09 
-20.458 8.438e+09 
-20.305 1.706e+10 
-20.153 3.449e+10 
-20.000 6.968e+10 
