-29.000 4.498e+01 
-28.690 4.498e+01 
-28.379 4.498e+01 
-28.069 4.498e+01 
-27.759 4.498e+01 
-27.448 4.498e+01 
-27.138 4.498e+01 
-26.828 4.499e+01 
-26.517 4.500e+01 
-26.207 4.503e+01 
-25.897 4.508e+01 
-25.586 4.520e+01 
-25.276 4.543e+01 
-24.966 4.591e+01 
-24.655 4.694e+01 
-24.345 4.920e+01 
-24.034 5.454e+01 
-23.724 6.837e+01 
-23.414 1.078e+02 
-23.103 2.353e+02 
-22.793 6.725e+02 
-22.483 3.607e+03 
-22.172 1.403e+04 
-21.862 5.728e+04 
-21.552 2.804e+05 
-21.241 1.339e+06 
-20.931 6.029e+06 
-20.621 2.629e+07 
-20.310 1.123e+08 
-20.000 4.746e+08 
