-29.000 4.498e+01 
-28.847 4.498e+01 
-28.695 4.498e+01 
-28.542 4.498e+01 
-28.390 4.498e+01 
-28.237 4.498e+01 
-28.085 4.498e+01 
-27.932 4.498e+01 
-27.780 4.498e+01 
-27.627 4.499e+01 
-27.475 4.499e+01 
-27.322 4.500e+01 
-27.169 4.501e+01 
-27.017 4.502e+01 
-26.864 4.504e+01 
-26.712 4.507e+01 
-26.559 4.511e+01 
-26.407 4.516e+01 
-26.254 4.524e+01 
-26.102 4.535e+01 
-25.949 4.551e+01 
-25.797 4.574e+01 
-25.644 4.607e+01 
-25.492 4.655e+01 
-25.339 4.724e+01 
-25.186 4.825e+01 
-25.034 4.973e+01 
-24.881 5.196e+01 
-24.729 5.535e+01 
-24.576 6.063e+01 
-24.424 6.818e+01 
-24.271 8.057e+01 
-24.119 1.013e+02 
-23.966 1.334e+02 
-23.814 1.864e+02 
-23.661 8.642e+02 
-23.508 1.577e+03 
-23.356 2.967e+03 
-23.203 5.702e+03 
-23.051 1.236e+04 
-22.898 3.564e+04 
-22.746 9.811e+04 
-22.593 2.462e+05 
-22.441 5.764e+05 
-22.288 1.298e+06 
-22.136 2.847e+06 
-21.983 6.108e+06 
-21.831 1.288e+07 
-21.678 2.682e+07 
-21.525 5.534e+07 
-21.373 1.135e+08 
-21.220 2.316e+08 
-21.068 4.711e+08 
-20.915 9.561e+08 
-20.763 1.938e+09 
-20.610 3.922e+09 
-20.458 7.932e+09 
-20.305 1.603e+10 
-20.153 3.240e+10 
-20.000 6.545e+10 
