-29.000 4.498e+01 
-28.847 4.498e+01 
-28.695 4.498e+01 
-28.542 4.498e+01 
-28.390 4.498e+01 
-28.237 4.498e+01 
-28.085 4.498e+01 
-27.932 4.498e+01 
-27.780 4.498e+01 
-27.627 4.498e+01 
-27.475 4.497e+01 
-27.322 4.497e+01 
-27.169 4.497e+01 
-27.017 4.497e+01 
-26.864 4.497e+01 
-26.712 4.497e+01 
-26.559 4.497e+01 
-26.407 4.496e+01 
-26.254 4.496e+01 
-26.102 4.495e+01 
-25.949 4.494e+01 
-25.797 4.493e+01 
-25.644 4.490e+01 
-25.492 4.487e+01 
-25.339 4.483e+01 
-25.186 4.477e+01 
-25.034 4.469e+01 
-24.881 4.457e+01 
-24.729 4.439e+01 
-24.576 4.415e+01 
-24.424 4.382e+01 
-24.271 4.335e+01 
-24.119 4.270e+01 
-23.966 4.181e+01 
-23.814 4.061e+01 
-23.661 3.906e+01 
-23.508 3.715e+01 
-23.356 3.545e+01 
-23.203 3.675e+01 
-23.051 4.619e+01 
-22.898 7.494e+01 
-22.746 1.501e+02 
-22.593 5.187e+03 
-22.441 3.165e+04 
-22.288 1.280e+05 
-22.136 3.868e+05 
-21.983 1.000e+06 
-21.831 2.369e+06 
-21.678 5.315e+06 
-21.525 1.153e+07 
-21.373 2.443e+07 
-21.220 5.102e+07 
-21.068 1.054e+08 
-20.915 2.164e+08 
-20.763 4.418e+08 
-20.610 8.992e+08 
-20.458 1.825e+09 
-20.305 3.700e+09 
-20.153 7.489e+09 
-20.000 1.515e+10 
