-29.000 4.498e+01 
-28.847 4.498e+01 
-28.695 4.498e+01 
-28.542 4.498e+01 
-28.390 4.498e+01 
-28.237 4.498e+01 
-28.085 4.498e+01 
-27.932 4.498e+01 
-27.780 4.498e+01 
-27.627 4.498e+01 
-27.475 4.498e+01 
-27.322 4.498e+01 
-27.169 4.498e+01 
-27.017 4.497e+01 
-26.864 4.497e+01 
-26.712 4.497e+01 
-26.559 4.497e+01 
-26.407 4.497e+01 
-26.254 4.497e+01 
-26.102 4.497e+01 
-25.949 4.496e+01 
-25.797 4.496e+01 
-25.644 4.495e+01 
-25.492 4.493e+01 
-25.339 4.492e+01 
-25.186 4.489e+01 
-25.034 4.486e+01 
-24.881 4.481e+01 
-24.729 4.474e+01 
-24.576 4.464e+01 
-24.424 4.450e+01 
-24.271 4.430e+01 
-24.119 4.402e+01 
-23.966 4.363e+01 
-23.814 4.309e+01 
-23.661 4.233e+01 
-23.508 4.131e+01 
-23.356 3.994e+01 
-23.203 3.919e+01 
-23.051 4.173e+01 
-22.898 5.260e+01 
-22.746 8.271e+01 
-22.593 1.551e+02 
-22.441 3.177e+02 
-22.288 6.695e+02 
-22.136 1.685e+03 
-21.983 2.094e+04 
-21.831 1.044e+05 
-21.678 3.362e+05 
-21.525 8.941e+05 
-21.373 2.148e+06 
-21.220 4.862e+06 
-21.068 1.060e+07 
-20.915 2.255e+07 
-20.763 4.718e+07 
-20.610 9.767e+07 
-20.458 2.006e+08 
-20.305 4.100e+08 
-20.153 8.347e+08 
-20.000 1.695e+09 
