-29.000 4.498e+01 
-28.690 4.498e+01 
-28.379 4.498e+01 
-28.069 4.498e+01 
-27.759 4.498e+01 
-27.448 4.498e+01 
-27.138 4.497e+01 
-26.828 4.497e+01 
-26.517 4.497e+01 
-26.207 4.496e+01 
-25.897 4.495e+01 
-25.586 4.492e+01 
-25.276 4.485e+01 
-24.966 4.473e+01 
-24.655 4.447e+01 
-24.345 4.395e+01 
-24.034 4.293e+01 
-23.724 4.097e+01 
-23.414 3.775e+01 
-23.103 4.400e+01 
-22.793 1.176e+02 
-22.483 5.220e+02 
-22.172 2.847e+04 
-21.862 4.023e+05 
-21.552 2.546e+06 
-21.241 1.269e+07 
-20.931 5.747e+07 
-20.621 2.494e+08 
-20.310 1.061e+09 
-20.000 4.471e+09 
