-29.000 4.498e+01 
-28.847 4.498e+01 
-28.695 4.498e+01 
-28.542 4.498e+01 
-28.390 4.498e+01 
-28.237 4.498e+01 
-28.085 4.498e+01 
-27.932 4.498e+01 
-27.780 4.498e+01 
-27.627 4.498e+01 
-27.475 4.498e+01 
-27.322 4.498e+01 
-27.169 4.498e+01 
-27.017 4.498e+01 
-26.864 4.498e+01 
-26.712 4.498e+01 
-26.559 4.497e+01 
-26.407 4.497e+01 
-26.254 4.497e+01 
-26.102 4.497e+01 
-25.949 4.497e+01 
-25.797 4.497e+01 
-25.644 4.496e+01 
-25.492 4.496e+01 
-25.339 4.495e+01 
-25.186 4.494e+01 
-25.034 4.493e+01 
-24.881 4.491e+01 
-24.729 4.488e+01 
-24.576 4.484e+01 
-24.424 4.478e+01 
-24.271 4.470e+01 
-24.119 4.459e+01 
-23.966 4.443e+01 
-23.814 4.423e+01 
-23.661 4.396e+01 
-23.508 4.363e+01 
-23.356 4.326e+01 
-23.203 4.729e+01 
-23.051 4.690e+01 
-22.898 1.192e+03 
-22.746 1.335e+04 
-22.593 5.662e+04 
-22.441 1.904e+05 
-22.288 5.298e+05 
-22.136 1.313e+06 
-21.983 3.035e+06 
-21.831 6.708e+06 
-21.678 1.441e+07 
-21.525 3.035e+07 
-21.373 6.310e+07 
-21.220 1.300e+08 
-21.068 2.663e+08 
-20.915 5.430e+08 
-20.763 1.104e+09 
-20.610 2.240e+09 
-20.458 4.537e+09 
-20.305 9.182e+09 
-20.153 1.857e+10 
-20.000 3.753e+10 
