-29.000 4.498e+01 
-28.847 4.498e+01 
-28.695 4.498e+01 
-28.542 4.498e+01 
-28.390 4.498e+01 
-28.237 4.498e+01 
-28.085 4.498e+01 
-27.932 4.498e+01 
-27.780 4.498e+01 
-27.627 4.498e+01 
-27.475 4.498e+01 
-27.322 4.498e+01 
-27.169 4.498e+01 
-27.017 4.498e+01 
-26.864 4.498e+01 
-26.712 4.497e+01 
-26.559 4.497e+01 
-26.407 4.497e+01 
-26.254 4.497e+01 
-26.102 4.497e+01 
-25.949 4.497e+01 
-25.797 4.497e+01 
-25.644 4.496e+01 
-25.492 4.496e+01 
-25.339 4.495e+01 
-25.186 4.494e+01 
-25.034 4.492e+01 
-24.881 4.491e+01 
-24.729 4.488e+01 
-24.576 4.485e+01 
-24.424 4.481e+01 
-24.271 4.478e+01 
-24.119 4.478e+01 
-23.966 4.453e+01 
-23.814 4.419e+01 
-23.661 1.288e+02 
-23.508 1.912e+02 
-23.356 3.096e+02 
-23.203 5.672e+02 
-23.051 6.595e+03 
-22.898 3.202e+04 
-22.746 1.022e+05 
-22.593 2.832e+05 
-22.441 7.182e+05 
-22.288 1.695e+06 
-22.136 3.808e+06 
-21.983 8.272e+06 
-21.831 1.757e+07 
-21.678 3.673e+07 
-21.525 7.600e+07 
-21.373 1.561e+08 
-21.220 3.189e+08 
-21.068 6.493e+08 
-20.915 1.318e+09 
-20.763 2.673e+09 
-20.610 5.412e+09 
-20.458 1.095e+10 
-20.305 2.213e+10 
-20.153 4.472e+10 
-20.000 9.035e+10 
