-29.000 4.498e+01 
-28.847 4.498e+01 
-28.695 4.498e+01 
-28.542 4.498e+01 
-28.390 4.498e+01 
-28.237 4.498e+01 
-28.085 4.498e+01 
-27.932 4.498e+01 
-27.780 4.498e+01 
-27.627 4.498e+01 
-27.475 4.498e+01 
-27.322 4.498e+01 
-27.169 4.498e+01 
-27.017 4.498e+01 
-26.864 4.498e+01 
-26.712 4.498e+01 
-26.559 4.498e+01 
-26.407 4.499e+01 
-26.254 4.499e+01 
-26.102 4.500e+01 
-25.949 4.501e+01 
-25.797 4.502e+01 
-25.644 4.504e+01 
-25.492 4.506e+01 
-25.339 4.510e+01 
-25.186 4.515e+01 
-25.034 4.522e+01 
-24.881 4.532e+01 
-24.729 4.547e+01 
-24.576 4.569e+01 
-24.424 4.600e+01 
-24.271 4.645e+01 
-24.119 4.712e+01 
-23.966 4.812e+01 
-23.814 4.963e+01 
-23.661 5.196e+01 
-23.508 5.566e+01 
-23.356 6.168e+01 
-23.203 7.180e+01 
-23.051 8.932e+01 
-22.898 1.199e+02 
-22.746 1.756e+02 
-22.593 2.797e+02 
-22.441 4.744e+02 
-22.288 8.447e+02 
-22.136 1.548e+03 
-21.983 2.882e+03 
-21.831 7.638e+03 
-21.678 1.504e+04 
-21.525 2.985e+04 
-21.373 5.955e+04 
-21.220 1.210e+05 
-21.068 2.553e+05 
-20.915 5.422e+05 
-20.763 1.144e+06 
-20.610 2.389e+06 
-20.458 4.949e+06 
-20.305 1.018e+07 
-20.153 2.087e+07 
-20.000 4.261e+07 
