-29.000 4.498e+01 
-28.690 4.498e+01 
-28.379 4.498e+01 
-28.069 4.498e+01 
-27.759 4.498e+01 
-27.448 4.498e+01 
-27.138 4.498e+01 
-26.828 4.498e+01 
-26.517 4.498e+01 
-26.207 4.497e+01 
-25.897 4.497e+01 
-25.586 4.497e+01 
-25.276 4.496e+01 
-24.966 4.494e+01 
-24.655 4.491e+01 
-24.345 4.484e+01 
-24.034 4.470e+01 
-23.724 4.442e+01 
-23.414 4.384e+01 
-23.103 4.271e+01 
-22.793 4.080e+01 
-22.483 4.813e+01 
-22.172 1.172e+02 
-21.862 4.842e+02 
-21.552 1.146e+04 
-21.241 2.535e+05 
-20.931 1.766e+06 
-20.621 9.106e+06 
-20.310 4.185e+07 
-20.000 1.828e+08 
