-29.000 4.498e+01 
-28.847 4.498e+01 
-28.695 4.498e+01 
-28.542 4.498e+01 
-28.390 4.498e+01 
-28.237 4.498e+01 
-28.085 4.498e+01 
-27.932 4.498e+01 
-27.780 4.498e+01 
-27.627 4.498e+01 
-27.475 4.497e+01 
-27.322 4.497e+01 
-27.169 4.497e+01 
-27.017 4.497e+01 
-26.864 4.497e+01 
-26.712 4.497e+01 
-26.559 4.497e+01 
-26.407 4.496e+01 
-26.254 4.496e+01 
-26.102 4.495e+01 
-25.949 4.494e+01 
-25.797 4.493e+01 
-25.644 4.490e+01 
-25.492 4.487e+01 
-25.339 4.483e+01 
-25.186 4.477e+01 
-25.034 4.469e+01 
-24.881 4.456e+01 
-24.729 4.439e+01 
-24.576 4.415e+01 
-24.424 4.381e+01 
-24.271 4.334e+01 
-24.119 4.268e+01 
-23.966 4.178e+01 
-23.814 4.057e+01 
-23.661 3.898e+01 
-23.508 3.700e+01 
-23.356 3.578e+01 
-23.203 3.844e+01 
-23.051 5.106e+01 
-22.898 8.687e+01 
-22.746 1.738e+02 
-22.593 9.515e+02 
-22.441 1.131e+04 
-22.288 6.199e+04 
-22.136 2.180e+05 
-21.983 6.091e+05 
-21.831 1.507e+06 
-21.678 3.474e+06 
-21.525 7.663e+06 
-21.373 1.643e+07 
-21.220 3.457e+07 
-21.068 7.182e+07 
-20.915 1.479e+08 
-20.763 3.028e+08 
-20.610 6.173e+08 
-20.458 1.255e+09 
-20.305 2.545e+09 
-20.153 5.155e+09 
-20.000 1.043e+10 
