-29.000 4.498e+01 
-28.847 4.498e+01 
-28.695 4.498e+01 
-28.542 4.498e+01 
-28.390 4.498e+01 
-28.237 4.498e+01 
-28.085 4.498e+01 
-27.932 4.498e+01 
-27.780 4.498e+01 
-27.627 4.498e+01 
-27.475 4.498e+01 
-27.322 4.498e+01 
-27.169 4.499e+01 
-27.017 4.499e+01 
-26.864 4.500e+01 
-26.712 4.501e+01 
-26.559 4.502e+01 
-26.407 4.504e+01 
-26.254 4.507e+01 
-26.102 4.511e+01 
-25.949 4.517e+01 
-25.797 4.525e+01 
-25.644 4.536e+01 
-25.492 4.553e+01 
-25.339 4.576e+01 
-25.186 4.610e+01 
-25.034 4.660e+01 
-24.881 4.731e+01 
-24.729 4.837e+01 
-24.576 4.994e+01 
-24.424 5.219e+01 
-24.271 5.517e+01 
-24.119 5.982e+01 
-23.966 6.726e+01 
-23.814 7.709e+01 
-23.661 4.277e+02 
-23.508 7.486e+02 
-23.356 1.370e+03 
-23.203 2.801e+03 
-23.051 1.275e+04 
-22.898 4.680e+04 
-22.746 1.371e+05 
-22.593 3.444e+05 
-22.441 8.286e+05 
-22.288 1.899e+06 
-22.136 4.194e+06 
-21.983 9.013e+06 
-21.831 1.901e+07 
-21.678 3.957e+07 
-21.525 8.163e+07 
-21.373 1.673e+08 
-21.220 3.413e+08 
-21.068 6.942e+08 
-20.915 1.409e+09 
-20.763 2.854e+09 
-20.610 5.777e+09 
-20.458 1.168e+10 
-20.305 2.362e+10 
-20.153 4.772e+10 
-20.000 9.640e+10 
