-29.000 4.498e+01 
-28.690 4.498e+01 
-28.379 4.498e+01 
-28.069 4.498e+01 
-27.759 4.498e+01 
-27.448 4.499e+01 
-27.138 4.500e+01 
-26.828 4.503e+01 
-26.517 4.508e+01 
-26.207 4.518e+01 
-25.897 4.540e+01 
-25.586 4.584e+01 
-25.276 4.678e+01 
-24.966 4.879e+01 
-24.655 5.331e+01 
-24.345 6.310e+01 
-24.034 8.730e+01 
-23.724 5.391e+02 
-23.414 1.799e+03 
-23.103 8.836e+03 
-22.793 9.439e+04 
-22.483 5.997e+05 
-22.172 3.130e+06 
-21.862 1.464e+07 
-21.552 6.461e+07 
-21.241 2.772e+08 
-20.931 1.173e+09 
-20.621 4.928e+09 
-20.310 2.064e+10 
-20.000 8.632e+10 
