-29.000 4.498e+01 
-28.847 4.498e+01 
-28.695 4.498e+01 
-28.542 4.498e+01 
-28.390 4.498e+01 
-28.237 4.498e+01 
-28.085 4.498e+01 
-27.932 4.498e+01 
-27.780 4.498e+01 
-27.627 4.498e+01 
-27.475 4.498e+01 
-27.322 4.498e+01 
-27.169 4.497e+01 
-27.017 4.497e+01 
-26.864 4.497e+01 
-26.712 4.497e+01 
-26.559 4.497e+01 
-26.407 4.497e+01 
-26.254 4.497e+01 
-26.102 4.496e+01 
-25.949 4.496e+01 
-25.797 4.495e+01 
-25.644 4.494e+01 
-25.492 4.492e+01 
-25.339 4.490e+01 
-25.186 4.487e+01 
-25.034 4.482e+01 
-24.881 4.476e+01 
-24.729 4.466e+01 
-24.576 4.453e+01 
-24.424 4.435e+01 
-24.271 4.410e+01 
-24.119 4.374e+01 
-23.966 4.326e+01 
-23.814 4.260e+01 
-23.661 4.174e+01 
-23.508 4.065e+01 
-23.356 4.038e+01 
-23.203 3.815e+01 
-23.051 3.762e+01 
-22.898 7.609e+01 
-22.746 5.781e+03 
-22.593 3.140e+04 
-22.441 1.203e+05 
-22.288 3.611e+05 
-22.136 9.340e+05 
-21.983 2.214e+06 
-21.831 4.973e+06 
-21.678 1.079e+07 
-21.525 2.290e+07 
-21.373 4.783e+07 
-21.220 9.889e+07 
-21.068 2.030e+08 
-20.915 4.145e+08 
-20.763 8.437e+08 
-20.610 1.713e+09 
-20.458 3.472e+09 
-20.305 7.029e+09 
-20.153 1.422e+10 
-20.000 2.874e+10 
