-29.000 4.498e+01 
-28.690 4.498e+01 
-28.379 4.498e+01 
-28.069 4.498e+01 
-27.759 4.498e+01 
-27.448 4.498e+01 
-27.138 4.498e+01 
-26.828 4.497e+01 
-26.517 4.497e+01 
-26.207 4.497e+01 
-25.897 4.496e+01 
-25.586 4.495e+01 
-25.276 4.493e+01 
-24.966 4.488e+01 
-24.655 4.478e+01 
-24.345 4.457e+01 
-24.034 4.416e+01 
-23.724 4.334e+01 
-23.414 4.174e+01 
-23.103 3.991e+01 
-22.793 5.442e+01 
-22.483 1.640e+02 
-22.172 7.213e+02 
-21.862 2.317e+04 
-21.552 3.689e+05 
-21.241 2.384e+06 
-20.931 1.196e+07 
-20.621 5.435e+07 
-20.310 2.362e+08 
-20.000 1.005e+09 
