-29.000 4.498e+01 
-28.847 4.498e+01 
-28.695 4.498e+01 
-28.542 4.498e+01 
-28.390 4.498e+01 
-28.237 4.498e+01 
-28.085 4.498e+01 
-27.932 4.498e+01 
-27.780 4.498e+01 
-27.627 4.498e+01 
-27.475 4.498e+01 
-27.322 4.498e+01 
-27.169 4.498e+01 
-27.017 4.498e+01 
-26.864 4.498e+01 
-26.712 4.498e+01 
-26.559 4.498e+01 
-26.407 4.498e+01 
-26.254 4.498e+01 
-26.102 4.497e+01 
-25.949 4.497e+01 
-25.797 4.497e+01 
-25.644 4.497e+01 
-25.492 4.497e+01 
-25.339 4.497e+01 
-25.186 4.497e+01 
-25.034 4.496e+01 
-24.881 4.495e+01 
-24.729 4.495e+01 
-24.576 4.493e+01 
-24.424 4.492e+01 
-24.271 4.489e+01 
-24.119 4.485e+01 
-23.966 4.480e+01 
-23.814 4.473e+01 
-23.661 4.463e+01 
-23.508 4.448e+01 
-23.356 4.428e+01 
-23.203 4.399e+01 
-23.051 4.358e+01 
-22.898 4.301e+01 
-22.746 4.222e+01 
-22.593 4.115e+01 
-22.441 4.014e+01 
-22.288 4.140e+01 
-22.136 4.876e+01 
-21.983 7.043e+01 
-21.831 1.239e+02 
-21.678 2.456e+02 
-21.525 7.899e+02 
-21.373 4.214e+03 
-21.220 3.107e+04 
-21.068 1.320e+05 
-20.915 4.020e+05 
-20.763 1.041e+06 
-20.610 2.466e+06 
-20.458 5.532e+06 
-20.305 1.199e+07 
-20.153 2.542e+07 
-20.000 5.307e+07 
