-29.000 4.498e+01 
-28.690 4.498e+01 
-28.379 4.498e+01 
-28.069 4.498e+01 
-27.759 4.498e+01 
-27.448 4.498e+01 
-27.138 4.498e+01 
-26.828 4.498e+01 
-26.517 4.498e+01 
-26.207 4.498e+01 
-25.897 4.498e+01 
-25.586 4.498e+01 
-25.276 4.499e+01 
-24.966 4.500e+01 
-24.655 4.504e+01 
-24.345 4.510e+01 
-24.034 4.527e+01 
-23.724 4.568e+01 
-23.414 6.733e+01 
-23.103 9.810e+01 
-22.793 2.586e+04 
-22.483 2.865e+05 
-22.172 1.843e+06 
-21.862 9.301e+06 
-21.552 4.241e+07 
-21.241 1.847e+08 
-20.931 7.868e+08 
-20.621 3.318e+09 
-20.310 1.392e+10 
-20.000 5.826e+10 
