-29.000 4.498e+01 
-28.690 4.498e+01 
-28.379 4.498e+01 
-28.069 4.498e+01 
-27.759 4.498e+01 
-27.448 4.498e+01 
-27.138 4.498e+01 
-26.828 4.498e+01 
-26.517 4.498e+01 
-26.207 4.498e+01 
-25.897 4.498e+01 
-25.586 4.498e+01 
-25.276 4.499e+01 
-24.966 4.500e+01 
-24.655 4.503e+01 
-24.345 4.510e+01 
-24.034 4.523e+01 
-23.724 4.554e+01 
-23.414 5.670e+01 
-23.103 6.624e+01 
-22.793 1.684e+04 
-22.483 2.068e+05 
-22.172 1.430e+06 
-21.862 7.416e+06 
-21.552 3.420e+07 
-21.241 1.497e+08 
-20.931 6.395e+08 
-20.621 2.700e+09 
-20.310 1.133e+10 
-20.000 4.745e+10 
