-29.000 4.498e+01 
-28.690 4.498e+01 
-28.379 4.498e+01 
-28.069 4.498e+01 
-27.759 4.498e+01 
-27.448 4.498e+01 
-27.138 4.498e+01 
-26.828 4.498e+01 
-26.517 4.498e+01 
-26.207 4.497e+01 
-25.897 4.497e+01 
-25.586 4.497e+01 
-25.276 4.496e+01 
-24.966 4.495e+01 
-24.655 4.493e+01 
-24.345 4.488e+01 
-24.034 4.478e+01 
-23.724 4.457e+01 
-23.414 4.416e+01 
-23.103 4.332e+01 
-22.793 4.170e+01 
-22.483 4.147e+01 
-22.172 6.705e+01 
-21.862 2.292e+02 
-21.552 2.184e+03 
-21.241 9.185e+04 
-20.931 8.364e+05 
-20.621 4.705e+06 
-20.310 2.241e+07 
-20.000 9.952e+07 
