-29.000 4.498e+01 
-28.847 4.498e+01 
-28.695 4.498e+01 
-28.542 4.498e+01 
-28.390 4.498e+01 
-28.237 4.498e+01 
-28.085 4.498e+01 
-27.932 4.498e+01 
-27.780 4.498e+01 
-27.627 4.498e+01 
-27.475 4.498e+01 
-27.322 4.499e+01 
-27.169 4.499e+01 
-27.017 4.500e+01 
-26.864 4.500e+01 
-26.712 4.502e+01 
-26.559 4.503e+01 
-26.407 4.505e+01 
-26.254 4.509e+01 
-26.102 4.514e+01 
-25.949 4.520e+01 
-25.797 4.530e+01 
-25.644 4.544e+01 
-25.492 4.563e+01 
-25.339 4.592e+01 
-25.186 4.633e+01 
-25.034 4.692e+01 
-24.881 4.780e+01 
-24.729 4.910e+01 
-24.576 5.107e+01 
-24.424 5.410e+01 
-24.271 5.888e+01 
-24.119 6.662e+01 
-23.966 7.954e+01 
-23.814 1.007e+02 
-23.661 1.382e+02 
-23.508 2.058e+02 
-23.356 3.273e+02 
-23.203 5.485e+02 
-23.051 9.485e+02 
-22.898 1.702e+03 
-22.746 5.820e+03 
-22.593 1.137e+04 
-22.441 2.244e+04 
-22.288 4.529e+04 
-22.136 1.000e+05 
-21.983 2.250e+05 
-21.831 4.981e+05 
-21.678 1.079e+06 
-21.525 2.293e+06 
-21.373 4.811e+06 
-21.220 1.001e+07 
-21.068 2.066e+07 
-20.915 4.240e+07 
-20.763 8.661e+07 
-20.610 1.763e+08 
-20.458 3.581e+08 
-20.305 7.260e+08 
-20.153 1.470e+09 
-20.000 2.974e+09 
