-29.000 4.498e+01 
-28.847 4.498e+01 
-28.695 4.498e+01 
-28.542 4.498e+01 
-28.390 4.498e+01 
-28.237 4.498e+01 
-28.085 4.498e+01 
-27.932 4.498e+01 
-27.780 4.498e+01 
-27.627 4.498e+01 
-27.475 4.498e+01 
-27.322 4.497e+01 
-27.169 4.497e+01 
-27.017 4.497e+01 
-26.864 4.497e+01 
-26.712 4.497e+01 
-26.559 4.497e+01 
-26.407 4.497e+01 
-26.254 4.496e+01 
-26.102 4.496e+01 
-25.949 4.495e+01 
-25.797 4.493e+01 
-25.644 4.492e+01 
-25.492 4.489e+01 
-25.339 4.486e+01 
-25.186 4.480e+01 
-25.034 4.473e+01 
-24.881 4.463e+01 
-24.729 4.449e+01 
-24.576 4.429e+01 
-24.424 4.400e+01 
-24.271 4.361e+01 
-24.119 4.306e+01 
-23.966 4.231e+01 
-23.814 4.131e+01 
-23.661 4.000e+01 
-23.508 3.838e+01 
-23.356 3.657e+01 
-23.203 3.579e+01 
-23.051 3.970e+01 
-22.898 5.536e+01 
-22.746 1.500e+03 
-22.593 1.471e+04 
-22.441 6.739e+04 
-22.288 2.268e+05 
-22.136 6.240e+05 
-21.983 1.533e+06 
-21.831 3.520e+06 
-21.678 7.747e+06 
-21.525 1.659e+07 
-21.373 3.487e+07 
-21.220 7.241e+07 
-21.068 1.491e+08 
-20.915 3.051e+08 
-20.763 6.218e+08 
-20.610 1.264e+09 
-20.458 2.563e+09 
-20.305 5.191e+09 
-20.153 1.050e+10 
-20.000 2.124e+10 
