-29.000 4.498e+01 
-28.847 4.498e+01 
-28.695 4.498e+01 
-28.542 4.498e+01 
-28.390 4.498e+01 
-28.237 4.498e+01 
-28.085 4.498e+01 
-27.932 4.498e+01 
-27.780 4.498e+01 
-27.627 4.498e+01 
-27.475 4.498e+01 
-27.322 4.497e+01 
-27.169 4.497e+01 
-27.017 4.497e+01 
-26.864 4.497e+01 
-26.712 4.497e+01 
-26.559 4.497e+01 
-26.407 4.496e+01 
-26.254 4.496e+01 
-26.102 4.495e+01 
-25.949 4.494e+01 
-25.797 4.493e+01 
-25.644 4.491e+01 
-25.492 4.489e+01 
-25.339 4.485e+01 
-25.186 4.479e+01 
-25.034 4.472e+01 
-24.881 4.461e+01 
-24.729 4.445e+01 
-24.576 4.424e+01 
-24.424 4.393e+01 
-24.271 4.351e+01 
-24.119 4.291e+01 
-23.966 4.209e+01 
-23.814 4.098e+01 
-23.661 3.951e+01 
-23.508 3.763e+01 
-23.356 3.652e+01 
-23.203 3.918e+01 
-23.051 5.150e+01 
-22.898 8.624e+01 
-22.746 1.704e+02 
-22.593 3.602e+02 
-22.441 2.790e+03 
-22.288 2.333e+04 
-22.136 1.075e+05 
-21.983 3.401e+05 
-21.831 8.985e+05 
-21.678 2.152e+06 
-21.525 4.863e+06 
-21.373 1.059e+07 
-21.220 2.252e+07 
-21.068 4.710e+07 
-20.915 9.748e+07 
-20.763 2.002e+08 
-20.610 4.091e+08 
-20.458 8.328e+08 
-20.305 1.691e+09 
-20.153 3.428e+09 
-20.000 6.941e+09 
