-29.000 4.498e+01 
-28.847 4.498e+01 
-28.695 4.498e+01 
-28.542 4.498e+01 
-28.390 4.498e+01 
-28.237 4.498e+01 
-28.085 4.498e+01 
-27.932 4.498e+01 
-27.780 4.498e+01 
-27.627 4.499e+01 
-27.475 4.499e+01 
-27.322 4.500e+01 
-27.169 4.501e+01 
-27.017 4.502e+01 
-26.864 4.504e+01 
-26.712 4.507e+01 
-26.559 4.511e+01 
-26.407 4.517e+01 
-26.254 4.526e+01 
-26.102 4.537e+01 
-25.949 4.554e+01 
-25.797 4.579e+01 
-25.644 4.613e+01 
-25.492 4.664e+01 
-25.339 4.737e+01 
-25.186 4.844e+01 
-25.034 5.003e+01 
-24.881 5.243e+01 
-24.729 5.610e+01 
-24.576 6.187e+01 
-24.424 7.062e+01 
-24.271 8.481e+01 
-24.119 1.089e+02 
-23.966 1.487e+02 
-23.814 2.168e+02 
-23.661 3.303e+02 
-23.508 1.437e+03 
-23.356 2.690e+03 
-23.203 5.153e+03 
-23.051 1.003e+04 
-22.898 2.190e+04 
-22.746 5.693e+04 
-22.593 1.440e+05 
-22.441 3.429e+05 
-22.288 7.775e+05 
-22.136 1.708e+06 
-21.983 3.682e+06 
-21.831 7.803e+06 
-21.678 1.631e+07 
-21.525 3.377e+07 
-21.373 6.940e+07 
-21.220 1.419e+08 
-21.068 2.890e+08 
-20.915 5.870e+08 
-20.763 1.190e+09 
-20.610 2.411e+09 
-20.458 4.877e+09 
-20.305 9.861e+09 
-20.153 1.993e+10 
-20.000 4.026e+10 
