-29.000 4.498e+01 
-28.690 4.498e+01 
-28.379 4.498e+01 
-28.069 4.498e+01 
-27.759 4.498e+01 
-27.448 4.498e+01 
-27.138 4.498e+01 
-26.828 4.498e+01 
-26.517 4.497e+01 
-26.207 4.497e+01 
-25.897 4.497e+01 
-25.586 4.496e+01 
-25.276 4.494e+01 
-24.966 4.491e+01 
-24.655 4.484e+01 
-24.345 4.470e+01 
-24.034 4.441e+01 
-23.724 4.383e+01 
-23.414 4.270e+01 
-23.103 4.061e+01 
-22.793 4.527e+01 
-22.483 1.011e+02 
-22.172 4.082e+02 
-21.862 3.337e+03 
-21.552 1.559e+05 
-21.241 1.228e+06 
-20.931 6.595e+06 
-20.621 3.082e+07 
-20.310 1.357e+08 
-20.000 5.812e+08 
