-29.000 4.498e+01 
-28.690 4.497e+01 
-28.379 4.497e+01 
-28.069 4.497e+01 
-27.759 4.496e+01 
-27.448 4.495e+01 
-27.138 4.491e+01 
-26.828 4.485e+01 
-26.517 4.472e+01 
-26.207 4.445e+01 
-25.897 4.392e+01 
-25.586 4.285e+01 
-25.276 4.083e+01 
-24.966 3.729e+01 
-24.655 3.263e+01 
-24.345 4.199e+01 
-24.034 1.488e+02 
-23.724 9.125e+02 
-23.414 4.240e+04 
-23.103 4.423e+05 
-22.793 2.676e+06 
-22.483 1.316e+07 
-22.172 5.928e+07 
-21.862 2.566e+08 
-21.552 1.091e+09 
-21.241 4.593e+09 
-20.931 1.926e+10 
-20.621 8.056e+10 
-20.310 3.367e+11 
-20.000 1.407e+12 
