10.000 -0.000 
12.690 -24.027 
16.103 -24.552 
20.434 -24.918 
25.929 -25.209 
32.903 -25.291 
41.753 -25.268 
52.983 -25.136 
67.234 -24.850 
85.317 -24.338 
108.264 -24.022 
137.382 -23.715 
174.333 -23.703 
221.222 -23.695 
280.722 -23.664 
356.225 -23.146 
452.035 -23.103 
573.615 -23.101 
727.895 -23.263 
923.671 -23.320 
1172.102 -23.319 
1487.352 -23.279 
1887.392 -23.104 
2395.027 -23.075 
3039.195 -23.045 
3856.620 -22.923 
4893.901 -22.758 
6210.169 -22.678 
7880.463 -22.450 
10000.000 -22.337 
